5000
92217698
77909824
41512649
77417473
03681682
32920634
18179901
50942887
65085632
22755339
73541586
14740859
37243690
90884999
67819313
04929290
00221786
03890890
74749166
16730976
27561376
04451170
67877685
27324755
91391913
60999015
96874855
85325606
00434821
44897021
46138849
27382852
20430411
73239165
02379662
36376951
62720840
05970907
83774030
91828575
29934790
43246952
10923265
71896416
28594946
55391709
56228666
81516086
81595698
62881804
50786624
88172033
37133412
20218238
01993675
89885232
91518384
10909545
64169067
09185398
62130898
85020393
98986827
37278351
76055816
22264966
88087296
30191467
19472733
86305134
72881228
22282196
14732226
26133699
45387120
44313874
22789620
89713746
31105961
06345697
60003129
78763446
61449979
95028842
31178679
64357828
91325117
85830001
44608544
26567436
56406415
73138289
26574367
05901254
57193261
32196093
29402299
84510695
31535311
89316403
33178729
58675063
49960731
11542424
55705044
49096099
42124945
73537493
93671542
78929572
87047254
46328122
60431039
91742894
57477056
27712221
02129333
77613148
99775390
73765587
90529691
54789780
78974843
51262157
48830764
47291305
29379891
88278383
15383591
31980337
97996389
24127379
46229074
61882439
53385648
91587870
72037735
64709868
63190624
74282099
46260456
47065998
00902365
65552336
93399129
65429364
62018828
71482524
84566376
11556164
94433370
15917684
94085470
82769108
68265559
23265862
12033791
55870829
83960857
70387948
02987514
15061232
36046163
82882387
20545846
94430786
46217634
28643412
49018857
27011643
46734961
43508297
11319974
56831727
99064802
70309913
11849977
24257353
54529993
74330355
38938682
59253664
78885099
56206693
40660441
36075615
30492707
69855401
98963944
71581114
53050650
61403626
02704395
06379075
34018704
07081809
01699967
16484119
11134591
59039706
62662623
46198787
79350432
20517212
48108492
19333161
18785393
52508566
36331642
92010353
55965277
68768798
25513381
60591688
70265649
66217558
76970575
40630327
50323375
73430995
56383503
30036472
58627406
11351548
70345596
24146992
45373852
21264799
78797179
67835868
06503980
52119935
45295163
83201710
50118792
51893532
15091192
43333916
64109827
53553112
99289738
77355701
29228020
17694087
89522729
62470344
76999901
08992575
10695550
56076011
06036161
95500620
37649150
32273981
22651888
65473281
47792998
71632283
81581210
00427141
18264104
38669259
18846212
69514239
50909228
23656395
55411179
82192907
86803042
16745598
43600980
58349521
53801460
65197393
52875143
05920868
92780662
48030180
91948906
48106847
08238921
88606294
12555395
10717976
55509127
18526647
20660606
90574161
19691117
73056986
02811409
00800689
07304818
50435568
61189449
78834821
39983872
00101639
44875094
49664585
10496526
41263347
16307637
18324796
12955930
24214407
26413279
90418225
30217828
48531828
73142648
36019506
84340628
14666302
46667670
04393245
95140530
26925994
11272022
92844467
86038418
07765502
42154949
87781937
68036887
65904357
16158919
14290037
11992574
23682250
63847191
94089502
07147422
74858327
75685384
51779900
41003451
13266846
09914030
86066930
48438753
93874028
33852664
56042307
92821274
84406810
06130428
46448113
51868799
60830631
99200134
60704191
58495433
26691261
09504176
48100553
48911525
38790482
87475514
85936957
82022662
80913085
60841210
50379744
56750794
95012515
09758823
24902313
89973649
55689214
59549385
54576594
59200555
17312780
15636107
99579258
46785295
72660309
96603090
70464242
53046140
01394529
65319358
77288834
08008239
94427312
91428172
24763823
97223958
09501639
25380061
36525147
43281265
23286602
43629915
03436507
69407534
05188134
84272576
24988826
62183517
96948628
60447271
89692319
13847416
93453148
71404735
81527491
65188588
40458121
24316402
14259659
11726731
61783660
47143155
87593938
01043010
47750477
74671816
21104153
52147880
63533344
90945851
19281602
78291531
02342760
52601572
36514947
42235814
90340766
93873821
01793861
60625847
26742550
56880374
91308084
25898354
84152640
50936432
25058983
99290967
33096475
86063456
96605107
75946310
29426712
52166965
97217378
13522035
81556056
98925809
59683771
80056235
14743591
49246520
24727672
31804211
27051927
93484475
79545409
39922188
27774625
14357100
28366073
61537338
21243118
84979928
00758407
84852595
04254648
14154296
05871860
87979759
65691149
12577928
40706866
58267367
11537411
78174323
22357237
69989228
16682534
95643285
94874607
63738027
41754004
52551679
57189404
96790229
68724398
78426177
24865642
48311662
88836477
04874978
20343426
60261240
13094320
23795881
98862998
38647483
24287981
30344238
75446045
47171466
99943198
28410534
86590914
26249412
94332581
42949323
40449119
92902508
38159865
62617271
50013468
40982538
61348233
04132809
39800384
25911780
09435158
59640612
21936436
50466728
99428292
81758805
89151039
48515518
50036331
91734750
06172179
68636002
49161387
94062377
33112394
39248267
19741870
90569740
50553825
48745857
32241684
48973195
12782437
46379589
89945506
82304538
35692198
94681136
12473100
71607348
88260352
04581202
60576857
42278551
58970071
63817244
87066020
16475342
16748441
17933382
66793863
06005552
49464372
23657146
95020807
53812953
90167979
47703030
61789982
16774531
58385937
60163200
98900198
99427117
69008374
17318102
47682025
63768384
54333222
15989629
65065593
26380790
57180169
89051878
69107450
81030974
51297853
98127754
92315200
32190693
54145878
55024851
43353207
72023081
75372007
33409923
15507063
51280829
88298670
25869757
35127211
44847501
56690848
08445455
54155635
95672171
39390608
79831968
50038868
81452981
54510626
25857275
15857261
33389269
50994249
13416352
06276462
20293291
06941492
69134814
21995893
79170540
75594449
74774361
73406879
15522956
02706626
13402043
75287163
35142640
28063188
97026321
25595813
34534817
86872818
00582062
62852368
63286163
61632724
83450363
76140196
06801241
57179110
00313820
36206070
46675658
43833415
52846649
07774863
91315520
35284456
94327954
06523659
86053669
54122269
11686039
74643625
23139338
18434657
42673752
88942743
13110708
20140769
47352586
97779727
20426485
69429549
20148267
27702840
71433328
54373469
58861724
60897479
72745859
77396466
43424952
45254987
50750522
34055515
75459441
62401980
50977043
90632310
67252840
53481824
25943574
72103930
71178589
29623376
96754069
03100550
36077934
62324821
50994723
30774428
00219257
69971670
44903839
15503478
07822010
23535177
34685920
38209727
62886645
09287158
35615834
90393448
17584311
32606516
61167343
94991307
02787939
43538704
31793522
81571379
56423508
05421840
77684867
31790741
38530038
01968124
48496561
97030371
37004659
62685263
36288809
78041535
14815498
99146708
10236469
11752596
05460447
27098851
82676134
28425525
99440025
17505973
93222542
15456310
50232681
36027869
36002652
45371592
87564475
64603999
76981506
08401315
94174600
74157077
36926365
82328599
14482462
50927326
55289032
01674366
21809053
03522301
50695035
57678370
20782824
21708308
00969847
61704069
21588822
31161728
68346738
33103061
89381268
96318200
90742122
39099656
09333478
61913098
01341784
54654452
04758022
59128756
65983029
14306596
89108174
43711875
25607052
08187760
81790312
30375516
77702695
16748083
03295118
95440389
38053230
43329026
86844527
39584699
40618997
47947559
29325657
71920828
31106998
21036120
15966229
68862707
44134777
94070620
69421760
74908587
71592759
35820224
37209584
76015856
68740948
87540902
96075890
48703060
66228503
43718311
80648068
51436568
42988983
08216826
10850166
39923609
50541998
61359805
70449932
65842387
70728762
83819000
39061202
92811519
55311320
33992498
18935826
37799403
47045997
66047392
28327173
62114594
24617826
40904390
76237406
35102273
83768283
00091127
29828076
79821846
70768222
66367129
68348599
23099870
78857090
75108733
68069889
97402409
71927136
01252586
04904169
39074031
48695154
95814418
35641403
96232438
07563702
24214354
68972148
13301862
45563092
03362616
37894111
27764065
55106850
75706774
31495656
38661080
24566960
53797589
34359790
89252450
51825739
02525168
01334847
20997893
69478654
89638912
46641949
84344389
55395813
93861453
48272869
01818458
12788724
55666183
59107052
58389520
49376164
64340059
51637749
08687951
02159202
21963828
91194202
92157880
44305337
11663901
43662339
35033723
55928729
96520600
89708684
12496897
66925808
01956175
83862477
74382861
85254721
68244322
11494568
08141589
77205659
19950230
38775872
77834904
52861754
67641219
96725101
42227667
12784979
50845175
23076924
22476494
40442228
84128940
06846650
01125337
14868145
64221497
20174405
54760143
32720062
01268420
16018788
09948467
81264307
70729502
62372571
39722057
98909802
94574685
55851628
02227205
79665368
96984570
92971813
67283418
08218268
65719320
12227718
48650595
14691399
45743471
75827725
73906555
57282779
09521576
69523949
49651126
87513250
79147293
27753221
10033588
59777107
52507666
42687000
22940808
35708012
96920214
59628440
45407941
02522432
82060460
85688857
83324200
90271382
20691781
07476902
93287589
18729650
21306697
56446317
45319854
64663699
19833190
44044345
91696175
11912575
47066048
43851195
50468473
52998425
72777727
30705559
13376155
84173445
93213261
31124516
13776254
36383902
33736803
13024734
62026901
15268737
39710495
52884131
11823742
56171840
60606602
75764144
29083541
82055244
93162395
56522922
43840188
44695661
21555596
48649342
45073200
96327969
64045546
90935094
25450082
67645359
65498945
13090456
94685815
63211984
20694225
88793610
07872615
07890053
54129212
32194620
11386332
35633466
03964356
70859116
31761780
72127841
80309761
97945957
79025815
89168678
73297666
74026199
23207089
19686403
98658282
33740869
84103107
36087646
28628939
72685086
97623513
70166142
92892571
36422880
15178618
48217181
63382884
67160956
70460269
21536794
36580264
13266916
93933940
28874974
96456781
20906814
70268400
96189725
10373318
69225796
21691727
57059405
44039872
16442530
11592958
19454867
72348901
89503876
72791000
29959860
67245481
05700239
94431384
64144229
18194644
45485920
98075001
69611214
92441430
58214644
35862485
58071205
91019079
99758547
84750292
94962371
48778188
03744995
22901000
75651983
96266235
57374007
15933998
87776535
60840781
10940903
77835674
25639099
28640887
17398614
79862167
85326651
25248701
86668943
85245278
59695735
23378688
46739624
93528663
58039357
91745613
49085388
86137834
57537554
04265658
32838873
06676058
03181623
90404665
77979709
82767762
19281150
49279023
11231619
46713250
61201987
78492833
87761776
76846903
09587475
55742321
40533053
67372929
66242035
24967375
22972916
59898841
88970522
74459818
35385019
18878564
55406634
81994931
58736020
31717692
62094559
82884880
70843389
33019644
15880944
05456090
82578686
04400320
17463838
65562100
69297612
56771746
75755717
16199942
23805351
78797447
56736610
29033842
16134038
86555410
28252525
95934055
99855436
54564316
71325670
17811962
36128731
51641743
14688139
36412970
40521396
43735689
84654202
87855459
49759613
97355213
16616153
95308397
88700204
45384386
55198671
09976201
95550925
08760413
81264977
12945813
67205300
04259396
98140648
99597124
85857497
18421313
77326122
93179103
76505401
03975023
61242245
82363560
38394089
74586373
03440978
15167554
59634034
30629425
39153711
42452660
28843128
60946565
86917419
62032772
58965963
71003024
75116331
93385456
37622740
92180207
91999325
82522521
89921711
20420614
62734800
20677684
87224755
67955232
57423990
36552775
06023157
94169414
90143148
97649415
09629667
17271796
26068239
68907716
68884454
35009238
90814419
66826790
68913656
40303769
15912162
68328929
59756221
51168268
30160171
55060737
85409790
24304907
11668835
06716454
43715396
02709701
79365688
10905384
79828552
87760433
18215654
32673439
05492724
48337903
49314396
53262265
02233518
54944497
83246975
81844799
15713750
06551438
97332326
67835903
45855046
21027191
47128595
71814460
29153896
32420762
98054664
19299637
72549035
52714074
05917427
30263530
41650183
07892263
93937264
32444959
24487551
34472742
38539691
95296247
02998138
89760310
32831403
46562661
89618638
75801013
28029036
12714319
28548004
76135864
25275231
66614552
23067950
33040545
42007697
41820497
57583178
60189308
80414004
60361420
78638604
08930962
73598014
50861187
81458276
63299518
27600472
23784293
52602750
74438820
53340081
34017169
38608237
52118867
68340050
51360117
16148024
32514204
19627531
49031186
37659766
81729641
08109936
52085135
28993203
52979493
96480944
95556012
10766995
80561488
22806120
60998983
86390209
36358512
27046280
76696031
80510087
31124233
01058872
39014339
86161750
86723183
68876564
94690099
35947485
24522454
35543142
54048755
31750160
39488149
92279132
80485482
94608406
34680619
71540865
51859365
61221955
87155298
20913862
80022351
20511631
40660462
23942147
80609304
50937755
74378891
03799658
86676744
42374666
11509363
92041012
83377294
73996717
87455906
02212790
79035209
20875730
43497325
86432195
41852664
94929445
70797569
55715031
53382065
66670732
11814012
56002730
34210774
95945887
01196044
71519835
36172948
28913258
05707728
27190723
12010457
18298562
48602967
57844384
42561018
80636899
97056462
90069081
18895950
85137832
97868899
25987936
73170525
00111148
16883372
95159071
90377818
61745139
51634942
56939758
36618403
19949458
46292486
08987233
90065921
72273375
52431230
29390554
45392788
33362982
33277184
89526080
32390513
06360927
58803899
07535976
39199741
30993808
96798570
24435625
02141838
22552635
90706712
83459143
54157477
65401933
23016847
26558782
12777870
64212331
16323519
01733277
87135405
46798914
56928045
67262345
99050153
16289588
98033808
64841864
35608677
29143067
15118685
23802810
17387166
58125850
40047298
27060146
99314890
58771427
72583869
60626809
02889393
98593495
42734476
90635069
36190807
91546473
53680296
38065535
01291108
22004061
17552438
49372316
54311064
75865626
47988023
16348872
38214564
95351490
47502976
70087257
86716674
07911863
70459469
20014198
47030243
14865618
74615326
57965378
71486366
16493670
40222163
77598875
17736463
24846834
21685633
90964085
45981123
30832242
54812181
27922885
52479510
15801182
54899072
68992524
35446262
80050502
62112674
30005957
46043859
92063554
07322171
45706776
56462793
12752544
84135585
24234355
83041662
20108667
26459078
47497322
85285549
56837027
26573030
33185871
49432741
91083857
59519528
59718838
68008436
69370776
49867976
76516852
53990858
52933738
71122677
71160621
89724207
19526488
19652814
61645244
21438487
38181244
72149507
37171044
66618344
18383548
22758721
22566093
61799353
81898986
14415181
39766491
27037893
39799668
64596933
63135073
77570360
87402758
32963083
35652110
24247052
61825147
97075202
87299723
04568285
57766212
50637886
34562762
40515107
02115100
64208688
64928737
02297822
29637739
32266137
90455183
55908123
29155819
83294425
66156235
55180831
59671577
08235181
57851647
73276966
79112093
87621081
47782083
02060864
70201118
04482942
92149585
69440500
88985213
92903695
67996969
32842815
86110526
01527346
37322825
11635796
72828850
96624261
19424030
40647055
47863929
21850229
48050957
59058846
93512495
47117649
89316120
33469238
21575577
30683617
21146009
33564010
37618808
53732762
32176923
92781708
18700535
45838663
64371907
01885996
93687416
87732728
92183858
19466731
45358789
09028129
94523926
10332392
05499872
25965473
53901141
61458807
22517011
03377069
97687676
22748635
95941970
31030301
03889768
18270369
43828468
24864981
53611293
65177129
35872831
11973218
78123524
50487608
26917188
91946411
01039953
64726612
15796060
13398977
85464626
64707167
40685057
80355182
89949125
01666595
42960918
46915054
84036852
42473612
09088501
82156418
87703587
90296816
24768498
77912903
83863863
88126764
17867859
50400510
17815601
85333079
77778410
91229979
28857156
43939949
17310363
41699992
47620832
27769746
66836939
84341806
12971599
27141361
51859317
43004512
24303662
96881355
35711068
17573604
07598192
75824665
69728874
71158064
12162951
66602327
46352055
12619605
09077083
20313663
43741296
82118012
23968599
69568584
75550043
74946669
67201114
17259201
47399929
40635019
02714290
21324960
43344547
85115431
84512484
30481876
32818719
00991411
07585347
51151519
82801360
08427067
14999425
95090035
84732124
75419152
56873056
79174364
30359585
60754087
09141683
82246718
45604544
96392748
55893521
73240773
65239390
32335502
97286730
25590395
34730462
54506998
34578621
22305092
23040616
74787966
13059844
81683482
00508442
01418654
64851201
84634918
13638644
76467075
58831098
16659606
08426430
86685150
09877309
29410307
07962922
62550161
42107928
10633392
59678707
40574015
23184733
93817289
28939311
20252637
15214106
52648838
02401221
39978969
37807129
88960728
16533690
42910393
82168753
65512780
49119146
86227238
77071104
25750072
48227510
65157255
23152199
77082981
13572084
88744362
77290103
38122690
27102403
21291543
44595572
54109281
43533192
51710021
03031300
27609906
28375788
62321913
85065126
04522714
54283604
67804601
17513955
69065708
37293342
67040284
35365108
74938374
60981136
87919487
72274981
34745877
18574018
84559820
88270084
35439150
94414335
15321738
06701856
84194277
31277885
67379661
68815672
99146522
24635891
03148307
15986996
08544654
00677799
28102066
94899164
64428998
31220040
82315562
38573338
67858016
29341393
70813879
25452672
21236728
15402450
86474708
71650868
23229093
07541598
59147662
01157351
30055128
18700409
15361429
62325156
79264802
90696380
57612649
80463819
29231907
78788285
11388492
41416402
24976521
84231398
05035760
34966112
31379499
47463205
72791649
58609624
70019384
20020525
60607786
38597065
26810623
34094745
49127306
00678303
66912862
52071852
68066697
33616890
25260953
91118199
66868405
51854281
69978763
48000054
55971345
61055137
01284096
44966228
07749306
59933052
72597635
46591787
03896011
82992539
45671193
14806828
73029628
63678042
51096540
20352670
15837133
29512935
75191811
35060163
24054375
61658224
92174066
27422904
36296455
70098985
49277742
14466825
84237255
07033214
35266383
58425493
54433920
63735793
27072852
64045133
79195934
97684244
94567544
88552316
37101395
06146577
31551491
88377381
81814755
25374485
13175436
35016430
90244646
72605312
82279325
66649015
29703270
04086359
11879464
92779802
39892048
69333671
28472138
56394314
51159625
50657578
30930290
71078139
00834844
89781434
73565371
70164376
67773411
21939850
44450375
82896981
75063482
35757909
08241562
16754909
48586279
68226633
54594392
12305727
41472253
03787445
60807381
41557591
26800097
25443572
40107881
79524184
02388060
05261700
67482725
53058940
99576673
20920665
24342815
47838738
42372882
05721624
15976620
24972520
57217161
35664888
22290007
63872508
93412528
51745705
54966868
05135740
10059792
86435994
78915788
46145591
73064944
93570419
37505199
04544352
01511695
16245238
37402289
44077232
13502071
36564247
49257740
43960870
86573974
63507604
59614670
88421454
81491162
20259367
38637449
28055015
49295617
79874356
84443116
43354155
52559439
25352129
10026560
73714147
52275913
91995388
13370418
47237202
18739153
24093906
44144410
53396024
22228804
57207311
34610526
16051650
88572473
35668190
06632134
86774544
67469786
91426112
65726747
52680247
41554380
42421301
62408178
36575458
15441246
49185791
50803462
33934724
02060376
01834395
47996425
56911308
65185004
33187506
75453873
68910272
01945065
75954811
49282608
13237302
61062943
18643214
25593542
27120512
50496007
48989887
93204843
27000079
47660792
48212019
79650126
88253765
59612868
08689507
42574972
40686087
49043788
99606503
58598507
75633727
66233648
52045713
99070587
66660900
51398169
76242257
16698101
12482219
11754236
08567059
18000534
90227152
48575547
17823731
88657161
52995426
77456024
84729362
91275016
23384339
76126128
92153405
40830537
27205000
78731808
80352226
86961615
24664363
71287494
23795953
66386231
17475538
66338545
36239737
61917109
10047027
56848644
16638459
15851601
97524347
20920529
58820766
47968574
81696037
29602702
48747970
57300951
81862306
80047850
33080055
30638066
68636265
98967244
91116972
34724450
35266842
74038988
66372096
12630562
51983536
23016522
25046785
80303960
97193229
02889259
80621990
16867881
03062424
64368640
93126217
79896811
06822172
67912998
83175594
83533388
44064949
48195333
07990053
76980714
36613220
17907419
18589326
35869013
00542291
43502052
87708675
67034817
59295905
28014340
23744938
58449145
79200539
95894911
77519857
70679374
75611824
87248654
05414722
62465908
55427603
81199771
41241364
94045325
62359286
19963483
10732801
36833454
23360365
25238237
68998132
43051912
61229506
24333683
63081608
57691482
31190120
05294667
54489781
37526448
88013363
22555866
27856371
73501802
87410064
93852673
65885069
97692843
72439011
19710382
17808906
00341870
85798407
55201870
60097906
68546041
67877275
04297638
03033054
41253651
50759873
48763250
99514811
70735790
54318216
72073200
41188993
14618077
18245436
96457859
22606304
86116941
52640074
85611408
47412833
87570039
35173024
61050925
95114493
31206190
92536280
31671027
51919408
75294770
02155090
76878175
83361159
07501815
56123553
03087787
15564348
46995047
51961354
09294295
54778371
15002831
40925954
57007412
18086622
09809671
52147108
14514785
08158417
12266374
56289594
89356168
03264218
01269357
97893415
39644370
77009421
07659446
98392859
91486598
27901650
69732835
38310115
62366476
05586959
24104165
36466922
34456796
00141787
71914503
72608350
00195841
79738116
82220675
41452270
62047090
53465567
63836804
39679872
63138501
93557179
74952835
69455713
73277940
60142350
23670036
85112122
65322412
81786853
03373917
36632476
53925018
44110058
95434971
47799956
43444004
90612601
64723409
09912716
44842243
19092490
46272755
07076224
81009784
50393417
68121072
36005328
33333481
83399454
00474611
51143245
23725177
67934122
03600676
27612631
92717748
40950562
35166441
97320701
73902946
37055346
91544453
56484445
54650103
74564472
06142251
39958310
11217987
94324486
01606495
61870069
77877394
00579608
28610807
89889180
43178127
63765962
93659610
47919482
02199045
80036725
27603301
58571135
12227764
52666010
37352467
13645238
12848022
64902147
97539326
53445111
25711651
53589772
39702968
48940034
44811425
56516005
34663576
65224717
91723222
95929464
45481715
66981093
36609763
93952395
31362860
50411159
40763301
44129401
88632611
58188342
74923050
95775084
07208132
73651045
57484210
84627959
20502328
20625768
44601884
40086829
70648091
43949292
35377267
25752726
57513494
66141853
62782774
86399043
20789714
98067130
24355369
51275312
80602927
15007792
68837232
87625089
42561038
31750253
21220938
83785746
07780089
87491698
19020898
72451877
40415901
01569797
21949072
61548724
34228341
06694989
27789503
81656029
88867631
58174881
07939321
73023934
47651421
03461828
82387836
29481809
45255284
62666339
66470590
58281159
04843853
37979988
91964849
10721478
65443968
74540781
70759895
90521307
32601266
96082812
24676601
74956945
07061791
28831468
24345202
93530868
29932799
13015441
23262103
89876328
04575992
76091680
71713296
29994554
25444390
87261879
28813149
91450653
91197181
41445237
75700431
88362329
09684175
46212331
18590116
45352157
78801360
61758587
59802671
97345066
13905924
00957978
31038683
67912044
91268352
48883174
44394258
02499137
75268496
73888788
33384405
05546548
88700161
00331438
05301762
83679460
55298680
83987658
03354867
67288475
27496623
91658414
45170917
25112686
04507783
49940623
67543503
16293969
05367430
60893672
70365018
36020766
86994346
57761088
42706419
48413579
50059745
07593180
35497009
76074876
25412067
21286742
91609083
43328897
56293840
14934773
10161996
91106036
95579773
41467861
53121798
61813291
91942125
83771631
24089254
23640450
26718225
65068650
59591619
80594492
09388227
81087312
19051347
59000645
21277523
24354722
62380874
17159888
75384355
86413691
53813563
75222666
98548264
34679257
16908901
77979051
10842309
14066746
28949673
63236864
95369667
89824572
31256077
52447029
20628263
94776278
94437241
62124092
93975758
74976516
68345260
37989401
10812627
32030396
74788340
88294522
36723725
51403842
31542068
31430505
91746168
66181909
44272711
25165935
60838565
34392615
34048983
36245775
95158915
44329979
52155109
41129075
48761350
05708993
79317987
38271465
76702948
08139694
93158104
52353439
33932182
37079789
25984513
00662535
45094773
17062804
51859568
65852705
29206148
50012304
60476465
04755476
90117355
21631673
62776703
12540077
35780512
40100958
00025681
58265516
45177210
10445831
60698835
51252383
60192674
07566560
11188828
46100648
90497440
97554493
01286061
97403345
78811060
85105675
33390742
77777774
04592999
99545768
94912573
64278022
82200368
07363698
73078459
87287329
71964407
13809183
51367357
64270002
87934035
81719178
09969283
92857672
47908635
78692488
76838824
21327999
12008487
04864373
44085578
01736414
81535358
65783598
04470123
13823161
58232958
80647848
48042255
87374288
73892527
28977151
95281674
23411729
93311769
72570178
23423070
56808020
81363832
98529638
93600051
39479949
63266600
11792637
23664343
98317284
63435386
24794647
00216384
17056349
94483597
92000342
86312695
35547852
97681195
27642379
14521106
50754756
33859582
47546254
85655468
70659199
06813275
49586879
18010258
98899660
39091073
26282812
40109882
14560558
80513825
99099632
84646824
99668833
30354865
21186365
13769943
39965607
73009089
93053396
94660834
53532713
20417006
16561929
64957723
71141892
23500877
50243791
54113871
02680270
70698680
77294119
35261397
41304182
86913674
44668949
91977279
31015507
68482039
15831104
37773305
49007849
09388420
31109922
41203030
66989252
42884160
84349544
33607027
51779149
39392835
57074956
84008768
07063301
24216519
70767970
26829824
41574824
92604595
66600596
61433918
87424887
18973298
36752325
68698900
56949016
33583984
17090303
96820886
96027169
95144838
06160886
02691159
68527182
27569056
30238490
71550028
98781164
11766733
12110884
58344667
57473186
32503358
89168707
18644795
95012237
22760249
58665162
88988979
42366204
06372674
93877733
01148879
67319049
33550536
40309238
59268291
61414221
88063194
78623830
35590988
61649656
30203494
15151540
71609919
12640875
86174243
37428567
72578100
47030853
07732552
94758207
30889387
19409440
06604879
27265280
68414873
86303887
70599590
76845965
31195035
30630428
62058994
03878130
32390395
40169905
11331042
03409224
94670660
35311164
41242334
19959790
36449967
06409739
89911871
84404452
61825922
53967186
87160232
67184453
46671774
01255992
18028893
49525763
80409543
14227268
62234664
51341459
92279127
64892416
90131822
14325530
59292562
10005630
59913230
97133442
52227766
88009750
36558276
06317373
02867759
96788718
56186006
84132680
33120382
67640070
00754693
93818074
06371526
20907297
57567848
22810527
87218367
96355786
22712202
57582372
89768887
56517151
06165365
07154883
88653376
36369840
82460291
19123963
99063260
66619995
69661771
54956821
03341827
57012174
75929178
70074723
15359982
61863265
23304071
25780242
52851792
24968519
57486032
62109198
93975993
67846136
58376653
26962197
35874519
02928467
50646663
52799872
85220428
54325517
58550186
23830724
12353008
00829282
20068711
15460306
79788795
65042731
97367885
80712062
33735128
93536300
39804602
79506322
54729693
92541618
85024719
06779725
51320499
95504574
86143354
00194476
44583577
73500081
97781500
65810648
36967237
75105998
85218570
04179513
75101326
92187013
34643672
71155111
08501706
22576752
06257842
33328931
78639813
11412701
84623127
90781425
76222645
94686047
02625026
60824010
64374464
46992382
74485561
90085273
50881854
16572013
83275789
99329180
99426306
50067777
33109188
08290592
58389625
41223976
77342774
82380797
70422702
15011836
17219971
81171354
10529833
32081384
96089758
37362288
06056788
15425725
36390946
85424021
24254214
18895851
06240714
62170023
37144951
73873117
29539101
73488699
59014854
71930756
76834989
08874426
51052328
87533252
94176355
22766284
41488811
02294485
06616991
31507050
34962222
55453154
05368598
86484666
80545865
66752158
13120803
65046299
26382801
86397189
72616884
15629566
81760794
65757810
21669608
65219759
00711320
48986251
64135677
46898907
34547223
72779094
15914503
55882942
66636738
46870185
17365124
05450934
47603425
50719333
42300046
23953824
10785682
39806553
69143607
32363263
36523167
52869742
01118774
07660270
68295919
66363511
87318528
44082387
93221853
87161336
87544244
14949346
66369494
57125160
13617066
29582202
90033562
23577379
80023788
42393816
53990513
34073530
61924950
71788183
58609594
01399778
75036661
21354323
08446368
93954389
09296820
68209218
78955298
96599596
03333408
25541421
42878824
14100377
13264664
36239980
74639930
62412540
48563956
56047040
39335645
65044511
45414508
62769490
15598546
62395392
07209546
99166112
46508399
13395477
02350541
36710257
53570772
51584803
89884138
50747687
83386742
99330689
19628592
84668193
62738548
46440067
21747297
28707896
31525904
08138579
87725923
52050768
24101985
24974305
87784957
09590259
08266718
54159623
88774774
31117590
50461323
27397855
31316565
42059656
91566388
98438182
05789116
57250563
63515102
34201789
77500957
36749224
03681848
76500262
76139059
50530501
56310970
32907295
51684721
02885471
93064459
01567750
72687875
45397941
80736062
29908631
83161425
42852427
03054103
67970892
75356700
94146448
75756878
96319956
48214923
18638742
99092900
43936653
87540141
39564817
08057938
60407452
68872972
02778944
19165288
92822122
36360490
62499964
44120235
00350043
39276408
24425420
11291595
31171126
82993373
39912922
31802320
36819479
86200395
82742954
93609678
76245337
44824628
37650023
50619031
93341091
25333080
69126802
06016157
47477594
06179179
34450940
56456900
10170497
34522805
91525571
16086502
54696928
28031385
44071693
78388983
80625219
65869190
60925259
11532246
13028588
22231478
64115609
19547205
94813882
08813757
73601962
82695463
68926983
81029431
42633385
95368639
92726538
74523882
74759924
33869313
52111080
83361250
18322456
31000609
65511941
03996848
55949853
96165348
18442019
00019146
34982264
69000855
30156285
25545427
06320054
59421364
89096182
55710736
54900281
44351870
79165608
29810205
91587461
61269754
15527218
96985863
60885219
94813890
50520909
95002019
59488044
68989143
19318713
77902009
03324226
49549031
17253092
35262409
01314618
32983444
55326897
62728060
44826464
79886443
88420913
31112516
80646669
68866857
60247996
67884792
60545222
48889759
33111583
22859771
64691213
93038189
24216406
88765121
67154651
19543369
47808620
44796491
46613416
19135100
09815438
70397475
84038196
80942403
16224634
09998970
84939712
62806418
95110330
98979519
42281177
45850928
42775361
99714468
66688656
24112576
58455390
71704291
19884645
37412238
62074351
36098311
09138426
64344890
19153397
25029113
52574508
08744927
00208784
33253013
97884910
75035736
04963547
17303868
00344017
70488051
42647925
70486191
32342091
47553374
93552958
91286754
13126970
77474672
70252735
11383133
93586861
60691266
12845714
62468331
13445006
05310735
82564319
53171807
49686392
93376023
68344628
58840097
59520402
87671766
27008445
50619034
04356614
24449375
35884898
99140279
07499901
99647799
93907842
86838144
81208861
03699578
95868130
31893033
05496723
87431566
04947758
45013329
33664860
68460769
44290542
30931879
48630484
06864083
49338066
55594129
70764309
50103550
74804080
01578209
10975612
64106521
58251164
65380652
92127542
13625141
76160373
36115647
23907275
71014588
01914858
91560687
07453548
71958072
18452459
67283180
45371063
93805951
50898142
48096032
53825195
88545677
47970383
72293526
32831961
18215666
29039620
14597557
59418227
08779321
41387113
06074494
49087550
23033455
13815989
48064935
61696488
40731322
88881260
93106450
00107783
28990958
80051931
31232620
73210788
32292617
72032821
29104908
31171834
45887097
38924292
50048148
33153146
19736554
77581709
85539282
04894122
19581123
44883408
50730005
83991656
93926038
10118344
53858954
20008443
60352236
14851084
39099157
58249708
01955314
21405172
07704219
09655914
03551748
56874860
60708339
94646625
94511115
56302145
71717893
67466675
17403729
48651620
74223289
93913729
57039642
55577391
37009340
95755919
47710260
92791195
73053305
68203104
12576087
63611452
29131108
69812861
45469013
19039343
24399192
65154652
77966915
36142497
40977185
79907026
77290460
21002398
50664396
82601285
16378113
76709360
59286274
05506108
05845576
38764032
30997115
93859138
93360969
42582395
63540629
83511313
03278981
91096953
54052591
45923359
84102978
79344623
48159658
94385543
40978405
42079420
26610130
76329572
22226347
95220380
03344754
70011132
12204878
37165331
04610726
90414594
01296773
14779606
30278757
91765156
93437020
00673422
66960444
57415325
31979470
28772371
70680387
82960578
30366977
77086566
34853873
51832961
55297848
46587985
11835834
56197477
61836546
01279787
15304788
27433010
33640503
07967271
07901905
72711084
28469668
26100049
53386205
77472654
09911059
79889623
46725226
95681135
05915584
00692630
68968757
12314148
25011316
16128465
04570945
94785339
16399012
10354562
31608069
78638066
24615879
35008918
06673203
59990496
08345707
88210585
56783101
68046904
08078578
86286552
84537797
59743153
23987419
08414720
29692042
67469091
29231099
73001517
88716205
05330808
37718279
50303726
32411727
98796753
00100245
50297665
10472625
24784094
27069537
02315056
51888355
03544856
82461166
68791083
67364955
06866980
07636705
01486064
21853367
94573622
03558956
53760605
43354586
52815287
17142715
13299377
78708817
01828177
31998735
17697357
00029921
72077003
23106805
68431395
32695216
18094742
04585307
21283243
33715756
79827054
07807092
61023699
50345054
05867783
55694933
52950455
96742953
65834084
84607318
38880983
82574484
69560182
33120565
78155336
85189115
30341451
92227721
03966435
44952134
56035798
52093355
11131852
36041796
32471855
77340195
28380541
54004160
42632107
62472496
49034416
27783810
03054477
50714085
61211015
52126024
46977977
48084282
01081744
66466243
92015490
81502855
93506062
15092802
92499868
06766187
64013093
90992938
97857105
00635753
36380166
94466517
64059866
94371835
58309018
98194015
08712314
61166892
16659537
68038275
26938354
86571714
59024814
97089730
56693696
14624327
86738705
21589752
36651806
03091851
30102853
49844429
71429515
60239892
54742539
40629265
41645074
97214754
29150707
97716580
00579610
83012929
14747919
63796540
82284805
92914431
36977498
33341104
12866349
93560166
24146941
64157181
68259547
18766265
65077498
86905811
86854259
87270486
24268540
82548438
31508686
97685360
09361613
50749072
50132483
41182230
85189910
61547007
76698790
24450150
64278574
55707993
08749782
17777164
85636079
39064885
55087527
81833179
70433315
85872101
70883780
63374190
72889455
50125804
80257130
79265720
04499026
30010935
04375779
03725327
17674132
24485488
00842031
86939599
10012762
21569342
69966603
45469185
26507459
10256028
63185890
47267544
32157015
54192080
29637816
36193830
35250160
98738430
53653866
49555593
10209349
81002629
06147436
99934007
30935607
16726758
09315531
73596450
16167442
06774077
59956516
78149790
37317037
83442782
86722543
15580284
20775790
80475700
00541709
88193186
23535536
33230818
50718760
99583967
11478360
79179252
87965880
97232028
26539400
26308519
20606442
25678055
27429087
63597454
32432023
25754549
20046487
03754145
09557406
79732799
94390244
63838798
27905571
08236639
72103669
47069270
05812992
91996219
19904221
97457978
85815634
69486922
00531078
40161836
88603282
48119153
04236697
71967841
80057375
87664056
84900053
75824170
98443359
37938435
29335804
33372597
36936042
35203055
30395011
47843218
05039231
31041601
84964076
79704526
39540374
48704756
78467285
68004064
74519688
26985380
06488270
81316868
71844816
80751741
97997675
55265539
99853722
13853116
81773188
06734258
25679083
24023266
79522154
81514189
92235319
34613715
89123126
35065676
64931737
03065849
36202426
27209544
09411492
87520706
27555250
49247044
22521530
97510210
49390848
61585584
94067403
33555377
77543944
06774405
14640986
25218810
70351916
72926759
52304070
28467382
75097483
49771860
93307773
12948384
67421000
13226426
05876494
50752171
07781169
74899285
17498353
99663744
44553578
55078831
61998481
42319476
17785217
70907349
12444775
93261021
07922774
29954732
27147355
94125408
03350347
71078779
37892606
84029030
17358895
42178590
21339154
80487727
14756776
41548461
70054835
53160315
54492217
86894617
07689472
90932014
07259867
40906761
55900386
94469252
56580724
91270105
61370654
44650555
75378609
48691081
45837014
28069564
40826959
08975410
66078568
20114037
94699212
88038329
66705617
03716677
16592738
29439352
74466076
97175731
87816464
26372458
96364126
67437701
88396194
18500092
91065159
29075678
84436857
02573488
25565025
48433264
26860752
61941878
75298819
64685401
40840401
10191589
87410639
20553429
04878905
66778582
22330956
39206120
81506026
47329565
83177355
04233630
43392051
18767575
03879514
20555172
86947303
49795868
93220332
22838557
01973086
03038371
86636821
49158950
80028038
66642295
91263676
76893535
42317382
65921972
30636600
00176324
08830823
57262609
75039053
33882568
43705689
65793934
71482065
84614191
34103377
34189897
84396627
81949920
06820656
49840133
98103262
51774182
50388032
05940211
72698286
94492475
57464663
97388325
66433662
69214712
22388778
14646754
51374496
84279413
78842770
67178987
36996053
78231831
10243253
61766346
02812252
59430898
51423678
55050816
78303449
46449249
04448421
90081637
93088843
28634163
43664797
46664953
42598362
52468524
75082545
72693522
18700772
17397625
85068597
28176744
18684160
78995018
46332578
12117143
23214029
56803105
84353402
19044230
10995002
75246191
92485271
79606022
12198845
84153075
56633210
16011968
06031998
15075098
11599284
81647160
56051592
67143128
32649035
57175440
91007026
40246317
44307246
13451991
35210849
47976092
90801258
18440203
71804907
58699290
65988051
11586882
53659756
88682972
72622436
77641540
94235067
91948242
03452235
40935190
41581242
80107914
17760974
17894576
81733140
28088173
36376113
56727112
99275454
04844986
73829934
36095204
48096154
75478151
03861755
11824129
89902539
60488826
90790321
30312650
85277641
30512558
89666009
83539944
51139115
76446424
56930661
49819699
14393690
53257500
27888835
16431913
31782984
59075479
75964125
75659892
23845017
48490342
03861727
93242774
21626096
73577875
52803641
85642485
33865176
62136948
93700400
12431386
84442007
97409588
83993797
81608853
55114792
54357750
47278702
09241757
85400781
44540748
46271897
61852361
34573603
45274075
53515882
40133811
97305587
11102924
66074527
16118787
58966023
17488231
90948674
26248262
40770588
50440670
97803608
44186081
28999810
95302902
96684101
37038995
61416491
55621358
15437014
59320584
54364330
03833696
81256326
07416472
41883660
38950673
92740441
06524434
96499442
84761533
75907348
43461355
08948700
81552562
06469132
16391389
33018200
04919426
80741449
59738272
03746049
55901416
86855303
73249806
09906304
34100171
47407437
71000361
81304948
16126904
88842909
82914787
24761433
65312012
20964088
71103471
92587055
48578063
72411399
16577300
57476317
40844280
46715548
71948256
18497947
74494065
87369470
13354295
89796310
11909915
79450395
19358957
70129453
38770517
61095860
80715066
10427442
88898917
67904308
08415558
80456818
08535771
50247721
90482448
81974451
27010334
28992423
33782128
26614012
16358911
04902339
72751115
57596306
60435901
44924190
23208954
49810745
32021706
61075648
79585267
06629185
53991946
40759730
02857143
91091553
93842324
68018741
89798445
80494160
53810901
56002663
47890147
24176786
45113773
51967276
04356253
37930590
76307954
40796503
94492448
60072386
60928010
50057765
00528253
83398383
86192413
78116910
34178876
91613304
67577063
54446285
38464763
81749899
62148877
53504424
53433547
44820829
76931327
25894868
39844849
95769804
04867342
11531194
29461951
63464830
33016003
45978736
35844878
87725902
92062050
48046977
28441649
38979369
38165382
46067331
00688100
47052532
32063550
72389176
04218963
43450865
83640498
34186545
15889435
31145802
95998066
69600593
10113031
69678820
39876125
54890688
36729121
20331936
75129752
38677641
42675066
18696761
52493095
98699003
43656943
44912081
74264670
81404738
88738132
48233758
86709198
82970521
58435413
61274789
53827888
67077904
32599063
18791406
12288919
59776111
79006413
54298426
73523997
50339360
69133845
08933578
14701694
31898165
03649598
15668634
14175175
02730406
61876699
54980395
62557865
88817092
32506302
30598105
72925796
89034272
60943117
82148653
52749826
94897035
76229767
01739572
91396983
19092961
99243501
34320060
18752271
35429578
84825981
85934591
64553164
41990818
50062624
97769874
15232897
58190602
92214990
22657594
08479769
63354537
27487213
37432849
25584809
45180576
28830785
58767504
21884177
67542011
74619048
98748223
24591985
62968286
76562018
69395377
97471473
37266307
47145986
69963607
29361958
78147120
66664819
45806141
73041059
90477227
30222914
19370152
94135871
01921929
57778717
11722444
93007942
10899802
96896608
37992935
93960756
51183883
13928092
85168864
41502455
45161357
78876900
44841830
98795879
18473436
22390320
00835522
57826930
66270939
15043084
71144288
41271523
64555049
61787473
42925256
80416206
04362722
87120122
58994329
94682816
42581402
66885535
64999908
84863530
53592148
11858833
96445060
12087786
86733484
83596255
91139259
81805891
65797373
57149903
64568971
62679661
90181464
20735411
46379779
21117624
66267937
00936788
01961121
32741662
87484613
42560927
19817884
66648993
97161390
92902846
83260449
79519161
41161827
05121518
52148022
23923738
27094633
13869247
31677352
62644554
54450194
25266870
57773151
38701935
80815406
23794472
33138326
10263916
08050296
54941601
68507990
06190847
94693597
96854488
34220361
72564741
49680451
82385273
93791107
77809129
86214027
93223872
24659511
96621329
26325586
12138390
17292774
10797543
02513562
36450030
83385370
05302512
01031251
76724383
88528132
50068991
28447422
27888551
67859760
02645254
96969144
58656798
80440349
60601192
14502341
26312585
48233988
48418843
88958930
83702039
28087175
28295054
79517637
82023048
29827955
55426502
79303027
63838079
06629932
04178523
19839867
93051429
86007866
52155642
87925823
42216503
42187638
14687613
28411122
03455532
23393299
32864288
70404972
38896437
20604736
06982454
47558369
89262833
79856761
87840792
70781184
05067543
84120946
44263223
20756766
35579367
72780246
90377785
56563517
84175297
77530214
39060996
39016156
15801072
81535775
38756293
32760176
17906494
74753319
73161271
04779101
79148864
37424012
28282577
60115300
41445901
34168559
14393321
67543381
17985397
51058985
73771513
31249386
62090267
49416232
13110552
50267549
37175717
53936504
39400437
13572834
97769201
22527718
44262936
24950827
00234314
03321063
33298401
42989659
65338879
29912735
65000991
07529263
59743467
23048205
30834667
13288138
27849636
36324342
12857407
15379938
63867478
43479720
08083656
71375637
82217831
12594221
64522465
87500657
08670833
12747198
94343836
04374815
30606066
17492846
69292721
21627140
85275965
40897733
07639871
91237321
38480494
61545286
67745779
89721254
94233546
43725186
23654585
81390123
73750524
15088077
75126994
31108538
76193370
38944435
40888311
70177855
23038744
30087161
12958434
30357748
19290663
43347450
19498613
63558314
07398844
42802122
94192785
72962055
87285138
26741647
02365791
51410984
02774921
52565824
49601917
67035634
22822639
11045974
15270136
09389429
97956279
75629492
57385870
04310114
62035334
40381038
51138680
74200644
24279764
67163532
17329165
05890159
74372853
08295957
96165839
80158097
25855061
30795484
42166524
98268963
24478386
09007816
70348583
44937891
94204506
16992765
76544097
09285132
02593418
65692743
29494080
11638657
37545069
33789865
99212129
60210540
18336691
74740036
19408822
29874642
42356230
82693242
00379756
99135647
05192358
44442367
11679748
85510754
16897201
63380378
79164532
25949642
69451797
90931360
93505750
74529949
07878737
02311983
50420613
22403953
40766729
03153684
97542182
61945621
45853132
51569898
63733410
10407544
07226171
83709833
80853725
67718726
55771372
48912837
99920085
68787652
93441922
33436621
76736745
50213239
81588760
92419858
86012338
24705375
41606544
38347216
25041900
67448968
91988818
19121802
12223333
42797477
18273381
76653877
91348615
05248211
83452064
31827421
67568730
58817782
47144863
61920052
66977002
48287111
97338324
37804447
93916654
95646797
14623416
34315753
95685148
53017076
06082586
49226934
41035149
93268662
68418770
93835100
24804722
57281294
84418697
93380376
75742375
40755497
35001668
78328657
49141625
17118885
35208729
55647044
46867461
25448512
93802980
90877295
91183593
80835955
52595612
32902900
46024747
62759161
61705872
97569758
76850620
58867192
77519768
26734604
56803385
53562717
79435549
91795019
36359234
10234171
46306006
43331379
21484871
66325944
75242915
22324948
53993353
21249195
97423030
37565813
86134585
27098632
08753006
80636955
53412198
77797847
19612334
86067972
31893992
18532498
58263068
60930004
79999217
37009677
94115969
17563162
02363956
08461838
73044542
92045381
37571444
68776902
52004167
24948435
85967095
46616562
63153990
58481509
07913454
15910507
67919560
98404246
80132234
37889295
16231744
94657516
27100654
11784620
53633788
69331601
87243203
29273882
59686355
89186106
70440430
86627554
43276339
88932082
71777316
81509161
74863852
93717713
64354836
15737860
01856146
10286456
60687732
05016801
65362459
30763114
35315520
59823558
63946291
68620647
14825350
18391881
04799048
65876797
82313915
74678012
74836830
62215853
20079852
70320919
02944373
