500
125 22455
134 24658.9
227 14707.3
308.9 34469.5
137 32047
131 31810
140 24016
54.5 24278
259.2 14567.3
46 27533.9
156 23312
286.8 15143
39 33215
33 30533
315 20382
309.7 21551
121 23145.8
33 33887.3
75.9 10352.7
247.2 24130
284.7 26978.1
98 14406.4
168 22357.3
202.0 24612
156 21573
227 26478
127 26575
120 22524
177 26472.9
179 18804.5
155.7 32706.7
252.6 18639.1
58 26778.3
194.2 20728.5
85 26863
164.5 28292.0
87.3 13674.0
154.7 20428
215 15983.2
78 26513
285 18229
304 25027.2
269.8 20108
226.9 10369.1
47.8 17557
246 33211
97.1 13431.5
39 10490.5
55.1 32923.2
295.1 29320
83.6 33013
250.9 14727.3
69 21308
124.7 23874.4
282.1 29058.6
104 15294.0
163.2 21962
129 16257.3
280 22474
106.1 10941.3
260 19666
86.3 19795
198 27897.7
155.8 34638.1
35.8 18627.1
196.8 12440
169.1 35770
151 25432.5
192 30858
35.8 31246.9
119 22876.3
195 30895
55.0 16041
215 21050.2
114.0 20200.5
256.9 11872
227 15874.6
307.3 13412
151.8 15411.9
198.4 20042
139.2 34534
283.8 26498.6
154 17167
207.1 25294
170 32201.5
123 11847.1
272.6 20049
76.4 33338.5
225 15011.5
69.0 30269
269.9 24057
98 33992
243 30476
303.9 15682.7
131.6 13084
172 34816
279.0 17334
79.0 18917
202.4 23009.8
237 24159.6
273 10269
227 29827
120.7 23500
259.2 27267.4
69.7 12567
202 13126.3
292 32942.6
77 30209.9
48 32144.9
181.7 20784
143.5 25864.5
81.1 30387.3
153 23024
108 31486
309 20952.2
194.4 23159
49 10583
217.3 10744.3
33 34854.7
80 22243.8
222 27745.9
54 10050.2
295.0 32750.2
292 19788.0
94 34248.4
188 30775.8
261.8 27823.1
79.6 25183
114 34227.3
89 23091
294 27965.1
36.9 11682.7
298.0 15310
235 31730.4
33 30356.5
171.7 18790
207 35233.2
226.9 25473
124 33443.3
86 15302.0
298 18135
96.3 34602.0
71.8 11503.7
150 30280
222.8 24134
108 35997.5
90.9 32965
229.0 22378
279 30651
296 35351
133 35486.1
230 20662
289.5 31547.8
135.3 20066.2
281 27829
217 23605.8
80 14117.5
47 12144.5
150 17954.5
177.7 23157
229.2 35679.7
253.5 30324.2
140.2 19499
264.0 23316
127.6 28446.7
81.5 26993
193.0 35546
274.7 20076.0
48 29842.3
87 18912.7
157 17765
54 24618.2
116.3 13316.8
235 12576.4
238.9 20313
227 10800
132.3 19108.3
86.7 34869
187.3 28207
142.0 30746
268.7 30978
50.9 26903
199 29210
184.7 13214.3
285 12821.3
127 31788
181 14033
247 21930.2
49 15400
178.6 29308
307.7 10762
182.7 20202
77 20289.5
111 29018
277 31240.6
178 32564.1
204.6 26224.4
191 28422
91 24852
59 18692
245 33307
272 13009.5
189.1 14120.1
221 19729.6
72.9 20035
162 31426.4
138 22230
176 13701
34.3 30594.8
130 32872
51.3 23878
179.9 34149.3
134 28687
122.0 21442
91 34376.8
197.3 24974
151 23463
89.5 32231.9
278 12250
113.8 25794
233 32801
163.2 31455.4
256 17288.3
282 16642
114.4 26573
62 19728
214 34998.1
37.6 30429.1
107 23033
41.1 11674.2
73 31553
191 27802.2
275.1 18889
294 22264
38.8 18519
203 22067.7
181 23644.4
36 23605.9
42 19424
237 25168.8
45 31667.5
287.4 34492
237 10494
133 30457
47.2 10713.7
314.0 32120.6
117.4 18517.7
165 28140
48.3 34330.4
278.8 23206.7
123.2 20879.8
118.1 26205.2
272 28972
190.4 16864.2
238.6 15713
108 32874
193.0 12262.8
128.3 20521
251.3 30962
107.5 20814.4
84.8 31347.8
84.5 16393.4
304 25930.3
111.3 35898
158.2 31654.4
262.8 14334.7
222 33782
245 35554
73.4 22819
298.3 11049.3
211.6 25918.2
220.1 32187.3
138 17994.3
49.8 33905.7
162.1 12006.9
145 24364
86 15086
278 20694.5
170 35854.0
174.7 11122.5
280 29818.5
286 13806.8
45.2 12815
43.1 18836.8
52.6 24061
130 14828
292 22368
292 25617.5
47 25857
280.5 32134
167.7 35688.4
102.5 12449.5
294 15202
146 26158
306.3 15641.7
234 17674
140 23381.8
258 30789.1
293.7 10478.8
308.0 17688
253.6 16558.7
78.9 23698.2
204.4 26767
148.8 21955.8
49.9 28040
307.8 29999.6
256.1 31386
254.3 27735.9
118 14543
102 11975
164.8 12853.8
121 25221.2
276 32548.9
277.8 35394.7
314 23673
81 10405
280 29700
256 26023
276 30940
95 34190
161.5 18546.6
287.7 25362.7
295.0 11325
183.6 35724
64.3 25094.7
108 13192
281 14947.6
65.2 12249
293 26702.5
65 18782
215.7 18617
275.0 10488.5
256.9 20933
74 17071
248 10549.7
243 11620
165 16037
154 20877.1
229 17559.5
278.0 19718
100.3 32755
149.1 15337
76.1 29079.9
258 18886
75.6 11298
174 23923
145 34775.0
274 22404.7
212.0 20602.5
114.7 24480
158.5 10449
179 23503.4
94 11430.2
127.0 16274.8
305.6 25919.0
256.8 35737
235.5 22366.7
228 30130
139 28333
280.8 13017.0
48.6 24448
205 27337
185 24492
227.6 35139
297.2 14704
199 16006.3
202 31996.5
246.2 21035
264.8 29042
166.6 24946.2
52 23887.5
92 25683.1
58.4 18237
182.0 13068
74 19638.9
83 12329.6
248 14979.4
286.0 17311
252 19063.6
154.3 33461
51.2 13866.9
108.1 17619
301.2 34875
309.0 19236
167 13152.7
165 10868
46 28652.0
184 13985
279 19878.2
174 20141.7
224 19104
279 16812.4
129 27509.2
57.4 10168
291.0 18563
259 26837.7
165 29144.9
191 26543
104 25972
235.5 34378.2
221 31198.6
137.5 34416
139 27586.1
280.2 32736
104.5 19361.7
283 13431.4
226.5 35875.1
299.7 19881.0
285 29841.1
47 34276.0
230 26100.9
64.3 23128.3
40.1 14120.0
201.0 34975
152 19720
146.8 22196.0
313.0 27844
49.5 34337.5
55 22315.6
109 21896
129 19893.1
114.8 27192.5
212.2 11863
74 24097
192.6 18064.7
37 21111.7
129.7 34954.6
236 21922
296.2 18370.7
121.6 26968
303 23449.8
187.8 24215
75 19290.7
78.2 13064
150.2 33832.1
139 22676
119.9 30089.2
120 33201.7
215.0 19405
174.4 17010.4
203.6 14237
33 21621.8
221 31023
146 22587.3
122 19112
194 35165.6
307.1 22137.5
66.4 35142.9
46 33355.1
52.8 29279
300.3 18509.6
203.6 16502.2
150.7 34353
56 16891.5
52 14116
243 33080.2
217 29959
211.0 14331.6
284.7 14430
131 16282
213.1 27420.1
251.6 28922.1
273 18116
122.4 21583.5
88 16697
252.9 21346.1
290.0 23788
168.7 35409
174 18156
182 30176
310 20039
160 16889.9
97 16689.6
241 10655.7
77.1 29347
221 32146
184 11366.9
48 30279.9
228 29362.8
161 20831
164.8 10332.7
172.6 25356.6
141 34137.0
71.0 14846.8
100 27513
47.7 10380.3
105.6 20382.1
261 20687
309 32642
314.9 19224.5
125 15406
239.6 20246.5
271.9 27681
93 28861.5
110 13362
300 35762.0
235 30415.5
239 28832.9
96.4 28861.9
134.4 23653
