100
31
1,9491.62,
2,,
3,5792.15,6138.15
4,,
5,,
6,5726.26,
7,,
8,,
9,,
10,8257.85,18067.28
11,7572.83,8664.63
12,9220.49,
13,,
14,2275.48,1185.10
15,2749.53,4184.86
16,,5126.72
17,7772.77,8027.31
18,8571.34,3171.15
19,3990.00,13626.17
20,,175.14
21,,1847.86
22,,446.26
23,,
24,2663.34,2906.05
25,7591.42,1456.97
26,1578.04,2308.93
27,1929.68,
28,6617.00,
29,,13650.87
30,791.05,
31,,1055.22
30
1,,
2,5556.36,2353.08
3,,1958.58
4,2134.20,2682.44
5,975.09,323.22
6,2280.07,2935.80
7,,485.83
8,,
9,106.02,
10,3467.95,2043.02
11,1861.74,1567.19
12,1683.84,626.27
13,6610.92,114.56
14,,
15,,4523.04
16,73.19,
17,8542.74,3900.35
18,,3018.02
19,,3101.31
20,4105.95,7594.31
21,3652.64,
22,,
23,,
24,7062.07,
25,,
26,,
27,,2184.65
28,2603.50,5451.41
29,1267.88,2546.61
30,9493.11,6581.75
29
1,1128.85,
2,1097.86,2092.21
3,8530.46,1236.84
4,8841.25,524.25
5,,
6,7552.97,
7,6581.57,19320.98
8,454.50,
9,,
10,7075.18,3980.86
11,,13797.88
12,,11.34
13,,
14,,178.50
15,,
16,448.52,538.55
17,7183.73,
18,,
19,,6502.07
20,,133.25
21,,
22,,
23,,226.56
24,,
25,6059.83,5617.97
26,6382.95,3433.98
27,2807.57,
28,,
29,,
30
1,2825.40,1767.44
2,5913.73,
3,3290.58,
4,,
5,2519.46,7019.99
6,,
7,,
8,950.00,4190.81
9,7941.72,
10,8544.14,
11,8872.85,13307.79
12,,2903.75
13,4663.68,1460.97
14,,
15,9692.32,21987.26
16,,
17,4281.25,
18,,2419.71
19,,
20,9152.20,3070.59
21,9673.62,
22,9878.13,
23,,20290.49
24,2264.12,
25,4176.27,
26,6524.23,
27,9388.90,9934.92
28,,17662.21
29,,
30,2533.27,4409.73
28
1,4406.40,2871.33
2,7823.18,
3,,2126.22
4,,
5,8043.76,9714.63
6,,4821.97
7,7671.52,
8,5838.99,8085.99
9,,
10,337.03,
11,,
12,,
13,,
14,5822.18,
15,,8653.80
16,7983.22,
17,,
18,1017.98,
19,,
20,,
21,,
22,5470.42,13175.47
23,6212.88,
24,,
25,2632.89,
26,9866.36,
27,3823.31,
28,5859.38,17603.18
28
1,7305.94,3094.13
2,,3955.81
3,6160.63,
4,,3709.54
5,544.95,1876.27
6,2499.00,
7,6145.28,
8,6354.15,12532.35
9,6712.61,7418.66
10,6379.92,7538.81
11,,1892.07
12,4112.62,
13,114.30,
14,,1223.24
15,,453.25
16,4014.51,2640.36
17,8268.51,6425.37
18,2388.90,4206.32
19,3356.14,107.63
20,4359.02,4462.21
21,1006.86,6234.09
22,9817.05,6803.12
23,2098.42,654.84
24,,
25,,5669.86
26,,
27,1929.10,580.22
28,3453.86,
28
1,,
2,4141.84,
3,9857.30,
4,,2656.26
5,,10631.58
6,8191.45,4446.78
7,,
8,,
9,,
10,,
11,1144.01,107.62
12,,
13,,1220.38
14,7182.44,
15,5884.71,
16,2868.71,
17,3072.85,17145.56
18,,
19,8354.86,
20,,
21,1389.09,
22,7219.41,15410.28
23,2892.13,5261.10
24,3445.48,
25,8782.37,
26,2443.40,
27,,11324.60
28,7519.91,311.98
28
1,,
2,1530.81,1364.48
3,8924.79,
4,9057.35,
5,2450.12,4216.59
6,1537.20,1851.02
7,,6051.45
8,,
9,,2832.58
10,6763.31,
11,,
12,3299.35,
13,,
14,3643.91,
15,1266.64,
16,9122.76,460.58
17,3453.21,8604.06
18,552.53,
19,,
20,,
21,,23615.91
22,4719.80,
23,818.78,
24,5486.44,2779.41
25,2232.12,
26,,
27,,
28,,2958.04
29
1,,
2,,
3,6190.46,
4,,2839.77
5,,
6,,1254.33
7,,
8,,1270.40
9,5712.30,
10,,549.57
11,7553.04,2431.37
12,,1953.04
13,8375.87,
14,,7933.06
15,,203.06
16,,
17,,
18,,7201.48
19,,284.29
20,,
21,,
22,7951.72,1468.11
23,2904.76,819.39
24,4339.09,4371.93
25,,3519.34
26,3269.36,7281.83
27,,
28,8121.11,2108.46
29,,
28
1,4084.02,1045.13
2,,
3,,23.77
4,4356.55,2718.64
5,,
6,,
7,,
8,,
9,,1473.54
10,1726.65,3216.79
11,2.55,
12,2570.30,2967.84
13,5760.21,
14,66.51,4821.00
15,,
16,,1881.68
17,8613.70,
18,,
19,,4215.98
20,,
21,,
22,,
23,,
24,,
25,4194.37,
26,,
27,5681.63,461.61
28,,
31
1,1532.76,1216.54
2,5100.93,
3,5496.95,3620.60
4,,
5,5081.37,
6,,
7,6132.59,4225.72
8,,9324.18
9,6864.94,
10,,11657.21
11,,144.60
12,2832.89,
13,,
14,,2058.75
15,2370.59,2433.53
16,1229.77,
17,,
18,83.66,
19,,801.65
20,4670.15,
21,4774.20,
22,6416.63,
23,6068.31,
24,,
25,,12115.21
26,,
27,,
28,9085.19,
29,,15814.59
30,2276.40,5525.75
31,,690.67
28
1,578.56,151.29
2,,214.76
3,,101.25
4,687.14,
5,,333.88
6,1047.00,
7,,150.28
8,6464.71,617.79
9,,
10,,629.74
11,,
12,1961.31,1899.64
13,,2640.65
14,,1875.08
15,1201.76,
16,6410.44,
17,,
18,,
19,8366.33,
20,5637.16,
21,,11406.47
22,6055.86,12552.76
23,1269.06,2030.22
24,9132.14,13695.10
25,1844.12,
26,,588.25
27,2402.56,
28,1383.53,3042.81
28
1,217.75,191.42
2,7803.77,
3,,6754.25
4,,791.71
5,,100.33
6,,
7,,160.49
8,,
9,1323.93,
10,1490.53,2365.64
11,,
12,,
13,,385.23
14,,83.49
15,494.75,310.74
16,,6.57
17,,92.94
18,,
19,1739.28,155.29
20,3278.14,
21,8075.18,
22,,7281.92
23,,4277.62
24,,
25,7542.46,2889.72
26,3918.66,
27,8310.22,515.72
28,8529.57,15477.56
31
1,,
2,,
3,9971.82,
4,9029.18,
5,,
6,,17103.61
7,7494.01,
8,2202.22,
9,3008.10,2887.22
10,6742.21,
11,1690.08,8719.73
12,2796.56,7459.14
13,,6634.43
14,,36.32
15,8475.90,4620.96
16,9951.76,
17,,
18,6834.42,19807.04
19,,
20,,105.67
21,7749.26,5634.75
22,,620.96
23,,
24,8376.65,
25,,2224.44
26,,5555.26
27,,
28,,
29,3966.73,997.37
30,,4812.85
31,8956.58,
28
1,5618.27,
2,,
3,5394.17,4852.05
4,364.76,
5,4917.14,3240.30
6,327.06,
7,7774.47,
8,,
9,6987.03,
10,2393.68,
11,,
12,,
13,,
14,9467.03,
15,,
16,1861.10,
17,,
18,,
19,5231.85,
20,3034.68,2732.01
21,7527.52,
22,,44087.27
23,6401.21,
24,8452.13,12536.60
25,6813.21,1437.79
26,,
27,851.33,6056.49
28,9922.10,
30
1,,
2,7639.51,
3,9658.33,3032.84
4,,
5,4974.12,14176.68
6,,
7,4280.40,
8,7074.88,
9,3973.79,1932.37
10,,12128.61
11,,504.87
12,,
13,,2393.74
14,,1600.35
15,4706.83,5636.19
16,1736.31,2248.65
17,,
18,,194.87
19,2358.65,1143.15
20,,
21,,1299.96
22,,75.64
23,,13.83
24,,5.87
25,,
26,,2.47
27,8628.22,
28,,7450.66
29,3936.04,
30,,3749.01
29
1,1216.02,944.01
2,,
3,3750.54,
4,3907.54,
5,6692.17,13816.16
6,,227.29
7,6219.95,
8,,
9,9361.99,
10,127.36,
11,5948.15,
12,,7508.33
13,,
14,,
15,5097.41,7854.46
16,9271.53,
17,9923.91,15534.16
18,,
19,,
20,3478.59,2791.00
21,,11691.17
22,,
23,6357.03,4044.13
24,,
25,7416.49,14157.43
26,847.83,
27,,
28,,814.18
29,4578.21,
28
1,928.50,114.70
2,5727.72,
3,9366.34,
4,2495.90,
5,,
6,,
7,,12771.36
8,8090.91,
9,,
10,497.38,862.36
11,,7211.88
12,,4640.87
13,,
14,,790.69
15,6461.36,
16,2148.26,1480.80
17,3453.25,8673.27
18,,2074.74
19,,
20,9998.59,
21,,
22,8445.72,15029.89
23,2663.87,
24,,
25,,2824.82
26,,1408.90
27,,1915.26
28,,366.27
30
1,8537.65,5551.87
2,7077.10,
3,,
4,,6720.07
5,,2828.66
6,8698.92,1276.37
7,,
8,1763.37,4721.93
9,620.08,
10,4445.23,4425.54
11,,
12,9980.06,
13,7692.79,
14,3542.46,
15,1966.13,
16,,1928.95
17,,3069.28
18,,14706.20
19,3096.80,
20,6209.06,
21,,
22,3517.92,15762.34
23,4859.53,5271.21
24,,5183.33
25,8180.48,
26,,5739.44
27,2395.00,
28,209.17,1238.16
29,1716.83,
30,,
28
1,,
2,8383.77,
3,,6502.72
4,9041.27,
5,6552.39,
6,6057.96,
7,,
8,,
9,9393.49,
10,,5847.06
11,,2197.29
12,6679.33,17178.23
13,,
14,,
15,,
16,,
17,9426.88,23392.17
18,6997.60,4277.83
19,,
20,,
21,6908.15,614.91
22,,737.24
23,,
24,,
25,,2683.81
26,9915.50,
27,,
28,,
29
1,,
2,,
3,,
4,,
5,,
6,,
7,356.00,
8,6119.11,
9,9559.04,
10,9496.60,16036.55
11,1100.32,
12,304.42,6684.52
13,9744.02,11257.79
14,468.06,
15,,
16,,2694.33
17,,209.87
18,,54.49
19,4841.19,3598.50
20,5106.68,324.85
21,4538.91,
22,9451.81,
23,,
24,5133.58,
25,,
26,,12883.20
27,,5822.98
28,,3110.61
29,,
31
1,9744.86,1775.99
2,9090.39,
3,,3460.37
4,,7672.87
5,,3783.48
6,9121.49,4832.22
7,,5454.52
8,3988.54,3961.08
9,1504.09,
10,2781.24,
11,1531.76,2688.44
12,162.99,
13,6971.53,
14,,
15,5741.45,4829.88
16,9987.22,5241.89
17,2916.32,
18,,
19,6082.17,
20,,
21,,17569.06
22,7615.02,
23,7258.37,5275.41
24,,3827.88
25,8079.56,
26,,13084.97
27,4328.01,10316.28
28,2504.58,3659.12
29,4713.56,
30,,
31,,
28
1,,
2,,
3,2710.21,
4,,
5,4897.63,
6,,5966.14
7,,
8,2949.83,1208.61
9,7729.78,
10,,6443.84
11,,213.09
12,5163.21,6494.27
13,7936.15,8135.88
14,5328.62,3028.13
15,8483.54,1353.29
16,9317.75,20697.96
17,,836.61
18,7167.15,
19,,
20,,4342.37
21,,947.89
22,,
23,328.87,
24,1789.39,2580.80
25,9756.56,3918.08
26,,
27,,613.23
28,5782.03,
28
1,861.98,393.15
2,,
3,2537.15,
4,,
5,5866.95,8828.67
6,,26.24
7,,15.73
8,,1.28
9,,1.77
10,2192.26,393.58
11,,
12,,
13,728.08,915.96
14,,
15,,
16,,
17,8124.68,
18,4167.33,
19,1483.79,
20,,10094.25
21,,
22,9505.43,
23,,2021.40
24,,
25,,
26,,
27,7850.81,
28,7998.90,
31
1,6544.54,
2,,157.82
3,1925.09,579.63
4,1520.18,9042.60
5,,
6,4549.18,
7,9947.64,8450.05
8,,
9,,5326.30
10,,276.12
11,,170.17
12,,
13,,
14,3855.84,
15,2534.07,2659.90
16,1323.16,
17,,5081.60
18,,
19,,
20,2183.50,2209.04
21,,183.09
22,,178.39
23,,4.81
24,,3.57
25,,59.04
26,2800.97,
27,,
28,7217.45,
29,,6063.39
30,8497.09,7586.20
31,3272.23,6994.08
30
1,,
2,9448.59,4030.74
3,6891.66,989.02
4,6755.26,5906.55
5,,3979.51
6,,
7,5855.83,
8,3912.74,12265.12
9,9606.43,
10,,10317.22
11,3740.65,6203.84
12,9291.36,
13,,7404.00
14,3174.21,2791.46
15,,2685.33
16,,
17,,
18,9500.91,7431.73
19,,236.51
20,3248.70,
21,7816.25,7351.56
22,5521.10,5476.95
23,,
24,7899.97,
25,6345.20,366.92
26,,4661.32
27,3183.24,
28,5714.60,
29,,
30,2781.21,6941.79
29
1,,
2,5145.50,1315.04
3,6869.43,
4,3160.58,3098.03
5,,
6,,2111.69
7,,
8,388.79,
9,4586.37,11405.79
10,,
11,9951.64,
12,,1864.76
13,9359.09,359.02
14,2373.95,18826.92
15,5689.58,
16,,1071.11
17,,
18,8561.76,
19,5782.24,9928.18
20,2422.57,2062.15
21,,
22,3452.45,
23,954.61,
24,6804.56,
25,3430.29,26415.19
26,,305.57
27,,
28,8348.23,
29,1467.66,
28
1,9394.07,
2,7833.31,
3,,
4,,
5,1600.77,6422.33
6,,9866.86
7,4343.85,
8,,266.16
9,,4390.96
10,,
11,,
12,,
13,3411.81,
14,1562.78,4195.10
15,,
16,,2544.62
17,4139.07,
18,5481.21,
19,7388.89,5638.82
20,,
21,4781.36,
22,7466.84,17886.09
23,7161.65,650.08
24,148.49,2723.56
25,811.89,6171.26
26,,314.44
27,9119.69,11568.58
28,4842.67,1663.93
29
1,,
2,98.55,
3,,64.18
4,,
5,8060.97,1500.93
6,,
7,2792.35,2497.76
8,7549.54,
9,1427.53,2920.90
10,9972.84,
11,,
12,9104.78,29508.02
13,2165.69,957.68
14,,
15,,453.36
16,,994.51
17,4022.72,
18,4573.73,2237.53
19,,
20,462.51,8368.66
21,9250.72,
22,,9152.62
23,9939.38,
24,,
25,,5745.18
26,4174.16,1005.10
27,,4257.35
28,,
29,,1435.43
29
1,8243.50,
2,5137.39,
3,,
4,,
5,,
6,,
7,,
8,,
9,7528.94,9369.00
10,339.53,
11,758.02,7492.17
12,,
13,9300.32,14324.28
14,,72.57
15,9129.14,8054.17
16,5365.46,72.33
17,4164.62,
18,7649.80,
19,,12977.96
20,7208.16,
21,111.16,6881.84
22,,
23,9379.32,12930.68
24,,
25,8327.96,
26,6512.09,
27,8507.21,8413.50
28,8045.07,
29,,14065.18
30
1,,
2,,
3,4842.59,2025.40
4,,
5,8545.22,
6,7054.24,7144.67
7,6783.01,
8,2766.70,760.82
9,,17238.91
10,,
11,,2412.55
12,,289.18
13,,37.47
14,,
15,867.97,587.13
16,315.25,
17,,136.54
18,5013.79,1561.02
19,,292.61
20,5727.06,
21,,
22,,5953.63
23,8029.33,8317.40
24,7283.84,
25,8801.50,
26,1401.22,4095.91
27,4763.93,
28,,4156.31
29,,
30,8497.75,
28
1,,
2,7363.99,5345.78
3,899.00,
4,,1045.94
5,9749.64,93.22
6,3757.58,
7,,12276.81
8,7734.44,
9,3869.19,
10,,5956.04
11,2851.07,229.21
12,919.81,
13,6737.91,11687.59
14,5496.57,7845.08
15,9461.43,
16,2350.90,
17,,
18,,
19,,9891.85
20,,
21,,3714.65
22,,
23,3151.33,
24,,
25,,
26,2433.71,858.64
27,,
28,,
30
1,2932.29,
2,,
3,,
4,7148.54,
5,,
6,7012.88,
7,9963.84,
8,4059.66,
9,2581.33,7255.20
10,,8930.73
11,,
12,5512.13,
13,,6620.14
14,6512.52,14089.83
15,,
16,,
17,296.71,4893.61
18,,
19,863.57,196.96
20,7067.32,
21,8013.25,11475.67
22,672.49,6295.12
23,7294.54,877.34
24,8353.73,9707.41
25,8938.00,
26,3259.32,11337.67
27,7985.81,11739.48
28,261.14,
29,,1436.74
30,,2167.81
29
1,,
2,,
3,,
4,,
5,,
6,3769.38,
7,,
8,6540.72,8529.25
9,,
10,8301.02,
11,,8557.71
12,,1386.55
13,9132.94,747.77
14,,
15,5739.48,2866.37
16,7929.97,
17,,
18,2187.01,
19,7241.39,
20,8167.63,
21,,28420.83
22,,3192.12
23,,
24,7168.39,7313.89
25,,
26,8686.58,
27,,9056.78
28,,3894.31
29,,61.51
30
1,854.01,269.20
2,,321.67
3,934.39,537.15
4,4488.03,
5,,
6,,
7,2597.27,
8,2839.07,10383.29
9,,
10,4508.57,3707.91
11,7993.42,3320.16
12,8174.97,6537.29
13,,5368.62
14,2770.54,4172.73
15,9325.26,
16,9924.58,
17,,1436.58
18,,13416.27
19,,
20,5699.81,6478.62
21,4646.29,1732.35
22,,
23,9533.89,4922.43
24,,
25,8414.49,20027.49
26,6109.37,3520.61
27,,
28,,2214.92
29,,243.54
30,3192.07,1895.69
31
1,3834.06,2685.29
2,,986.01
3,,15.19
4,,11.60
5,8163.72,1217.87
6,,3394.28
7,4283.22,
8,,
9,,
10,,6397.34
11,4665.01,
12,,4512.05
13,3762.99,
14,1724.83,3927.26
15,,1087.75
16,,2179.87
17,8891.47,4033.68
18,,722.09
19,7819.14,
20,4289.08,
21,4909.04,
22,6988.85,
23,,17036.78
24,8535.46,
25,,
26,1253.77,12593.29
27,2220.37,5394.99
28,,
29,,
30,,
31,4308.83,8724.59
31
1,,
2,,
3,,
4,,
5,,
6,,
7,9111.07,3561.26
8,7775.49,
9,1041.71,11326.89
10,8312.69,899.86
11,7736.09,
12,5644.78,23594.40
13,8474.58,755.96
14,2727.78,516.36
15,3008.55,6177.54
16,8865.07,8868.58
17,8293.84,13361.43
18,6619.97,1653.96
19,242.06,1324.46
20,6921.92,434.02
21,,8553.80
22,,3189.69
23,,
24,,
25,8896.32,1156.44
26,,8195.19
27,,59.39
28,3315.03,
29,,1643.43
30,2523.93,
31,3054.54,6167.57
29
1,,
2,,
3,,
4,4761.28,
5,1669.92,
6,,
7,,
8,,5566.61
9,719.75,718.71
10,957.31,
11,,
12,,417.45
13,,
14,1444.71,2021.51
15,,116.20
16,4887.06,
17,495.72,2585.60
18,1484.08,1948.87
19,,1192.24
20,699.44,
21,,
22,,996.71
23,8365.18,
24,,5611.15
25,,
26,9815.63,
27,6830.52,11327.99
28,7714.30,15254.58
29,2448.32,3555.93
28
1,,
2,6472.91,1384.28
3,4834.88,
4,1768.32,7064.21
5,4704.54,3352.93
6,6533.08,
7,,9422.94
8,,
9,,2399.75
10,6443.13,767.80
11,,2492.93
12,,
13,3504.92,6539.29
14,7280.92,
15,8978.45,2956.89
16,,
17,213.94,7388.69
18,,
19,,2294.18
20,7504.34,
21,6408.07,4683.45
22,,
23,6622.71,18285.97
24,3103.77,2590.59
25,,2316.76
26,7190.12,
27,,
28,,
29
1,3475.59,
2,1235.60,
3,,
4,,
5,,
6,3.60,2580.75
7,,2094.89
8,,8.25
9,,
10,,19.06
11,2483.73,
12,,
13,7116.78,
14,,2465.79
15,4541.72,6223.57
16,,4462.24
17,1334.04,
18,,
19,290.45,
20,,
21,,2510.66
22,,21.02
23,8973.44,4800.94
24,4081.21,5147.44
25,9240.95,1636.84
26,,
27,7353.65,3547.26
28,6548.25,
29,,
29
1,8107.65,5759.58
2,9888.11,
3,,3552.32
4,7602.45,1844.40
5,4148.46,
6,8402.67,26863.15
7,,8.99
8,,66.11
9,,9.15
10,,
11,1458.97,
12,92.82,
13,,956.47
14,5367.30,
15,1840.06,7357.65
16,5650.55,
17,1183.10,1911.37
18,226.32,1235.96
19,9029.38,
20,,5137.52
21,,6658.62
22,1927.52,508.96
23,,748.40
24,673.33,
25,,
26,3100.78,4700.95
27,,769.72
28,,92.38
29,,
30
1,,
2,9294.40,4045.14
3,,
4,1609.09,2931.34
5,2883.78,
6,,2705.63
7,2048.35,2024.15
8,9416.15,
9,,
10,6006.94,
11,,13622.84
12,,
13,,5246.89
14,,
15,,
16,,416.02
17,9581.66,474.46
18,7031.50,7882.42
19,2546.25,
20,6318.42,9296.37
21,1687.75,
22,4223.70,11752.12
23,,
24,,
25,6514.59,
26,201.64,
27,,8858.68
28,4663.57,2454.70
29,5558.31,5803.98
30,,
30
1,,
2,8993.90,8248.93
3,5605.53,5709.32
4,,232.84
5,,
6,7956.69,5551.00
7,,1067.62
8,,1544.43
9,,
10,,89.37
11,,3.40
12,4433.03,
13,7922.44,
14,4453.37,
15,6881.96,
16,7071.02,24303.08
17,7183.15,10958.11
18,979.54,2763.28
19,5607.24,6601.19
20,3167.58,2144.24
21,8042.74,
22,,
23,,7933.08
24,,
25,7732.13,
26,,6381.93
27,4974.22,6069.17
28,,765.31
29,3685.13,
30,,3848.47
31
1,619.93,
2,7350.40,3200.26
3,8781.78,
4,,
5,9903.86,
6,6914.20,22718.81
7,1987.12,
8,8585.22,6646.90
9,9388.78,13664.54
10,,
11,,
12,4091.24,2928.81
13,5871.33,3335.82
14,8642.97,18771.55
15,,788.47
16,,37.28
17,,26.74
18,,15.56
19,,
20,,
21,,
22,106.20,
23,,
24,2615.87,2620.47
25,2333.95,
26,,
27,,2245.17
28,,
29,7009.75,2120.48
30,,3928.29
31,,
29
1,,
2,,
3,,
4,,
5,8452.57,
6,,
7,997.77,1992.11
8,,
9,,3146.00
10,,2969.11
11,,
12,,1316.40
13,,6.49
14,,
15,5775.24,1114.25
16,7343.51,10637.97
17,,682.00
18,3575.53,
19,1662.13,
20,985.63,1277.85
21,1730.34,5480.96
22,,1857.98
23,8904.93,5652.14
24,1895.83,3765.50
25,,
26,2121.02,658.96
27,,690.19
28,9338.95,2254.97
29,,4538.20
31
1,,
2,,
3,,
4,9159.54,8416.56
5,,210.08
6,3668.11,
7,,230.16
8,,
9,7423.54,
10,1303.65,10079.79
11,703.63,
12,2044.53,5128.94
13,,68.23
14,716.73,475.45
15,,
16,9976.95,
17,8296.81,
18,7175.16,
19,7938.56,22620.71
20,9156.33,10761.73
21,9097.21,
22,,11349.09
23,,
24,3007.40,7829.83
25,1896.60,
26,,3984.35
27,,71.95
28,3930.75,2261.14
29,,1929.33
30,,26.23
31,,38.46
28
1,,
2,5501.63,
3,,
4,,367.94
5,,392.24
6,5076.87,
7,,
8,,
9,,
10,,
11,,
12,,8957.05
13,7824.83,913.57
14,,6462.46
15,,
16,8519.21,6077.75
17,,172.65
18,,
19,2360.54,3412.96
20,3137.41,
21,,132.32
22,9973.28,
23,3454.75,9882.94
24,,4641.40
25,,
26,,
27,2367.57,
28,,1875.68
29
1,590.11,482.62
2,,
3,,
4,,
5,,103.51
6,417.18,195.02
7,9586.53,
8,,1389.49
9,7466.30,
10,5698.05,
11,,6301.83
12,1877.54,
13,,3675.07
14,,
15,4292.38,14882.64
16,586.45,3421.42
17,6381.91,5629.99
18,2905.53,1253.00
19,7680.17,
20,,5315.59
21,,74.31
22,8209.27,8965.38
23,,2784.02
24,,388.33
25,,609.28
26,6617.26,6688.12
27,4516.58,
28,,2392.33
29,,830.61
29
1,,
2,,
3,,
4,,
5,2978.09,
6,9988.51,1257.72
7,1038.88,10835.83
8,,516.46
9,4646.86,5279.11
10,,
11,,
12,,475.61
13,841.18,3.02
14,5581.67,
15,3113.54,
16,,6337.71
17,1217.16,
18,,1551.68
19,7308.14,9201.26
20,8540.40,3541.11
21,1212.00,
22,3189.06,9298.82
23,,380.49
24,7261.13,6432.03
25,8834.83,
26,9991.14,19133.04
27,5034.90,
28,3948.75,
29,,1019.58
30
1,,
2,4469.10,383.30
3,,
4,6624.09,10590.44
5,4625.51,4425.17
6,9081.19,5014.03
7,,3151.55
8,5010.88,3204.55
9,5963.01,
10,,
11,,7589.89
12,490.90,
13,4155.40,2000.39
14,6929.04,3320.23
15,,
16,,1203.63
17,1956.76,909.35
18,9735.14,6472.69
19,1857.09,
20,,
21,,
22,2939.02,
23,3090.68,
24,,
25,,9102.70
26,,
27,,
28,,
29,4894.18,5482.03
30,,6072.93
31
1,,
2,3554.70,1030.40
3,269.15,322.05
4,1556.82,
5,,
6,1210.99,
7,3246.11,6058.05
8,,929.14
9,,831.14
10,9813.51,1432.00
11,,756.90
12,,5992.49
13,5483.05,5988.07
14,9778.63,
15,,8582.65
16,9602.38,12060.05
17,,107.27
18,,
19,2164.04,1095.99
20,,1099.74
21,8443.72,
22,,
23,,
24,,971.22
25,,
26,7671.05,12270.22
27,,
28,,1028.06
29,9113.43,11010.19
30,6182.26,
31,5175.08,
30
1,9072.04,7495.95
2,3234.09,
3,,
4,8810.53,
5,107.29,5042.59
6,,
7,,6877.97
8,,1775.85
9,,
10,,22.42
11,,
12,8906.12,
13,3469.62,
14,3405.74,4771.33
15,966.06,
16,,8278.16
17,,
18,6798.76,
19,,4996.81
20,390.39,3979.66
21,,
22,959.87,
23,,
24,,2296.37
25,4264.44,
26,,
27,9164.72,
28,1746.42,
29,1532.05,
30,,4052.10
30
1,1445.48,
2,,455.21
3,,
4,,439.86
5,7381.98,65.74
6,,2937.08
7,,
8,6557.31,1063.66
9,,7293.63
10,9639.21,10945.68
11,5181.58,1516.56
12,,
13,,4136.20
14,9392.99,6310.16
15,,
16,9996.45,3044.33
17,,3227.12
18,3871.83,9548.77
19,7597.48,
20,,1829.20
21,5557.86,3076.06
22,2877.16,4925.06
23,3846.90,
24,,4692.02
25,,
26,,4758.74
27,5186.28,
28,,1840.64
29,6459.33,
30,5430.60,9443.75
29
1,7299.67,
2,5749.35,10321.36
3,,
4,7398.19,1579.44
5,6568.35,
6,7645.69,
7,,
8,,
9,,10129.93
10,,989.58
11,,7275.58
12,,3883.42
13,8860.92,
14,6563.80,
15,6033.34,
16,,20546.05
17,,
18,3699.86,2296.59
19,4363.81,
20,1989.95,
21,7691.99,
22,,
23,9839.33,
24,,15061.61
25,,1977.25
26,,2365.19
27,4805.90,8436.43
28,1550.56,
29,,2587.95
31
1,,
2,,
3,8773.06,4599.04
4,2633.09,
5,,6542.74
6,6339.70,1678.21
7,8060.97,583.02
8,,
9,5712.16,1181.61
10,7507.99,19324.68
11,,4153.11
12,,817.88
13,475.43,
14,6056.08,
15,6282.65,
16,4212.01,
17,,
18,,
19,9371.46,
20,3211.56,
21,,
22,,
23,,
24,2759.45,12594.79
25,,6511.17
26,,
27,,12945.73
28,,
29,,
30,585.33,
31,4535.22,
31
1,2262.84,
2,884.17,
3,6204.89,3196.68
4,,
5,5257.53,6833.48
6,1781.00,1040.05
7,3227.77,
8,,
9,851.20,
10,2846.32,8755.71
11,,2811.05
12,5779.79,
13,,
14,4486.56,9816.16
15,,
16,7800.29,
17,,
18,,
19,968.63,50.95
20,,5688.33
21,7069.57,8194.51
22,2529.03,
23,1215.02,5879.44
24,,
25,,245.10
26,7022.24,
27,,
28,,
29,,2901.27
30,8002.90,1555.34
31,4942.83,
28
1,,
2,,
3,9737.06,
4,4457.35,5620.62
5,4976.02,12976.29
6,4394.41,
7,6595.62,
8,,9530.46
9,6205.06,864.11
10,,
11,,1513.96
12,,
13,3005.59,
14,,5422.99
15,,
16,9315.49,
17,6190.58,
18,,
19,3655.65,15220.54
20,9206.86,
21,8349.42,
22,,15578.71
23,9931.75,18546.42
24,2946.50,1063.67
25,460.81,
26,,2462.17
27,6553.74,
28,374.79,
31
1,,
2,3768.90,
3,3775.62,
4,,
5,9111.51,11506.36
6,,2378.32
7,,2343.59
8,5812.10,
9,,5749.12
10,,309.09
11,4087.53,
12,,31.98
13,,2718.15
14,8544.98,2535.04
15,,
16,,7236.17
17,3388.40,3092.57
18,,
19,6624.56,
20,2636.52,
21,4517.60,7806.03
22,2270.48,
23,5287.33,7652.97
24,,2953.53
25,,
26,8129.88,7589.89
27,,406.48
28,1431.09,1223.21
29,,
30,6259.41,
31,,7881.54
29
1,,
2,9891.59,8748.00
3,4441.51,3676.80
4,,375.34
5,8168.18,2442.57
6,9430.47,
7,,
8,7175.76,
9,,
10,3082.90,1391.94
11,,
12,5515.65,
13,1049.69,16804.75
14,2234.16,
15,,8067.34
16,5016.39,3180.89
17,,7152.45
18,200.02,
19,,
20,2826.14,
21,,3266.98
22,3901.65,
23,,
24,,
25,,3982.85
26,,
27,,2066.13
28,8997.60,
29,,
31
1,7471.57,2272.18
2,9852.07,6527.14
3,,
4,,
5,1968.54,1284.59
6,6576.19,
7,4925.42,3429.85
8,332.25,
9,,13039.34
10,280.71,
11,,
12,,
13,,4686.62
14,3821.64,
15,3219.34,
16,1666.73,866.59
17,1580.30,6464.89
18,,342.84
19,8789.56,
20,1209.32,
21,,5195.58
22,,4659.76
23,1736.81,
24,,2715.62
25,7128.59,6104.27
26,55.64,1496.92
27,9914.21,10157.53
28,,
29,191.65,813.59
30,,635.82
31,,27.28
31
1,,
2,,
3,6025.88,1955.68
4,9189.97,5918.51
5,,
6,7198.02,7156.96
7,7880.89,14680.79
8,3121.46,
9,,1717.29
10,6810.33,
11,,4887.37
12,,
13,6802.71,
14,9297.71,
15,3543.10,22311.45
16,4602.09,1080.82
17,2010.07,
18,,6633.12
19,,
20,,
21,3637.43,385.14
22,,
23,8117.81,8842.12
24,,949.36
25,1919.31,
26,,2432.80
27,4988.50,2949.60
28,5556.77,3449.92
29,,5283.72
30,,
31,,2.25
28
1,1560.32,1330.98
2,,
3,,23.78
4,,13.99
5,3957.15,
6,,
7,2743.78,372.63
8,1810.44,
9,9365.27,8783.34
10,3546.06,
11,7992.63,
12,,16704.36
13,432.95,3197.74
14,6778.73,
15,,5607.57
16,,
17,,
18,,
19,,
20,,
21,8026.52,
22,6803.47,
23,2190.80,
24,3335.63,
25,6233.80,10246.84
26,,12008.69
27,3236.38,339.78
28,,
28
1,,
2,,
3,2376.05,1956.92
4,2541.36,
5,2081.77,
6,2137.27,259.49
7,,
8,,
9,,3079.00
10,,2032.19
11,7612.39,7226.85
12,6294.73,
13,,1533.46
14,7712.05,4533.38
15,,8661.27
16,,95.83
17,7015.78,
18,,590.44
19,,961.83
20,1519.74,1664.21
21,7334.51,4582.96
22,3520.74,
23,3967.34,11968.75
24,,
25,5072.08,8323.71
26,6409.02,
27,,
28,,
29
1,,
2,2216.13,153.11
3,4386.99,1613.62
4,,3704.09
5,3583.06,939.74
6,8395.37,9278.20
7,,1125.88
8,,958.46
9,,
10,,
11,3957.19,
12,2762.31,720.34
13,,3659.08
14,7197.83,1122.97
15,,210.39
16,418.64,
17,,
18,,
19,,
20,5658.51,
21,,
22,6947.64,
23,9326.57,
24,,
25,,30064.03
26,9803.64,
27,1341.99,12126.55
28,6788.78,1574.81
29,9097.80,12168.69
31
1,8029.43,
2,,4391.69
3,,120.92
4,,
5,7541.09,
6,9686.32,18863.93
7,7990.13,6746.33
8,3387.68,
9,,
10,,
11,,
12,,
13,,
14,,5960.73
15,8932.30,5373.88
16,6378.04,1573.88
17,7815.19,960.08
18,,
19,,
20,9824.93,3278.48
21,,12214.91
22,7914.36,12636.50
23,7460.89,
24,6222.47,11875.78
25,,
26,6825.99,11417.35
27,9155.97,8891.46
28,,2110.95
29,6176.05,
30,6863.28,5045.15
31,1559.72,8467.54
30
1,,
2,2364.86,
3,,493.01
4,1656.34,
5,,
6,7701.42,
7,5614.45,
8,5323.71,19173.91
9,,
10,5426.88,
11,265.51,
12,2399.83,
13,6739.90,
14,,
15,3783.51,
16,5315.80,
17,7061.22,9505.92
18,,
19,1811.81,
20,,21903.48
21,,
22,,4074.95
23,3446.37,
24,6383.57,
25,,
26,8343.48,
27,2387.65,
28,,20638.47
29,1574.33,
30,,940.29
31
1,,
2,8358.90,644.72
3,,4193.11
4,7621.83,10318.90
5,1674.41,86.01
6,8403.80,
7,7700.03,
8,6657.20,
9,8227.46,285.11
10,7504.77,
11,,16048.79
12,,
13,,
14,9760.05,31794.17
15,,1013.55
16,3848.30,
17,1033.73,
18,887.35,2559.26
19,,
20,2883.73,5704.50
21,,963.10
22,4777.29,
23,1593.58,
24,3344.01,
25,6140.54,
26,,
27,6666.34,
28,749.31,8818.23
29,6906.33,
30,6199.57,
31,6103.98,26596.11
29
1,6475.39,6309.41
2,4579.69,1298.22
3,4429.62,125.42
4,,
5,5702.37,12694.02
6,,566.54
7,,
8,,
9,991.14,230.88
10,,475.26
11,6950.91,
12,,1460.59
13,,5931.72
14,8426.47,444.82
15,,
16,,
17,236.99,
18,,
19,4797.81,7478.17
20,,
21,947.32,2441.40
22,13.30,299.34
23,,
24,,
25,3521.44,
26,1197.32,8307.66
27,3675.74,
28,,
29,,1675.70
28
1,,
2,7138.85,
3,,
4,10000.84,
5,3134.55,13721.71
6,482.86,
7,,2606.82
8,,4010.32
9,4072.61,
10,,
11,4922.73,3748.73
12,1746.73,
13,,3714.46
14,8029.98,
15,,5824.23
16,,1446.53
17,7164.61,
18,,
19,2150.71,5701.50
20,2673.12,
21,,4858.65
22,,
23,,
24,4540.50,
25,,6001.62
26,6382.61,
27,6446.56,
28,3402.21,6458.00
29
1,6456.95,
2,515.25,
3,,
4,,
5,5843.93,
6,3465.16,4668.67
7,2978.07,
8,8771.81,
9,7774.42,
10,4049.63,32110.43
11,,1320.13
12,925.67,1820.51
13,3151.73,1431.27
14,,1725.09
15,9507.00,1867.23
16,584.42,
17,,
18,,
19,,1418.69
20,,7085.86
21,6857.46,1066.01
22,7800.70,11217.30
23,799.85,
24,4958.60,4741.49
25,1358.35,
26,2077.39,988.80
27,8803.68,
28,3218.96,3062.44
29,,
28
1,,
2,,
3,,
4,,
5,,
6,,
7,,
8,,
9,,
10,2575.29,1420.00
11,,123.65
12,,268.70
13,,6.02
14,,374.16
15,3693.93,356.97
16,5765.22,2879.02
17,,4814.65
18,,662.24
19,,934.06
20,,
21,,23.32
22,2693.07,
23,9950.78,6453.61
24,7807.26,10992.61
25,,2792.01
26,6311.94,6473.06
27,,92.62
28,,
30
1,,
2,4712.85,
3,6095.70,
4,4006.98,6573.74
5,7579.77,
6,3283.43,
7,,1717.66
8,9230.36,666.88
9,,14586.91
10,,
11,,4795.36
12,4954.47,
13,4156.30,8782.28
14,,
15,,1859.86
16,6239.42,
17,1514.26,516.17
18,,9665.87
19,,14.54
20,8688.38,
21,8558.47,12895.81
22,2505.90,975.57
23,685.16,4967.11
24,,2027.75
25,,
26,,
27,297.64,946.32
28,6652.48,
29,9371.11,14925.65
30,,66.52
31
1,,
2,5032.91,
3,,
4,,1948.02
5,218.67,3012.25
6,2784.70,1162.41
7,,911.01
8,,
9,,
10,,680.19
11,5348.45,1889.20
12,459.77,
13,,768.43
14,5566.66,
15,,
16,5367.50,
17,,14279.01
18,7671.35,5507.54
19,,1489.04
20,,24.25
21,5887.83,3942.77
22,,
23,61.64,
24,,1187.95
25,1800.79,
26,,1310.45
27,,
28,,740.21
29,9382.58,6093.16
30,,
31,101.94,2157.87
31
1,299.17,
2,,95.13
3,,
4,4600.31,
5,9782.21,289.65
6,9487.07,
7,,7721.51
8,,
9,8201.17,
10,6662.45,
11,,16646.65
12,6848.07,13944.98
13,9587.04,1472.80
14,,
15,,10405.06
16,,3586.49
17,,1094.63
18,9998.48,631.79
19,2038.27,
20,8979.19,
21,,
22,,15561.37
23,,
24,,3230.12
25,8298.97,
26,5308.92,8192.80
27,,
28,,5353.51
29,,881.62
30,,82.09
31,,
28
1,,
2,,
3,,
4,4635.87,
5,,1836.78
6,,2677.34
7,9614.39,
8,8004.08,8457.63
9,,9240.03
10,,29.83
11,4216.79,
12,,
13,6488.99,6854.14
14,,1826.06
15,5119.30,5981.59
16,6535.66,
17,5675.58,2626.00
18,9979.34,
19,5845.90,25275.65
20,4109.38,
21,9540.09,
22,,10820.75
23,4807.53,
24,4033.47,8643.61
25,,1067.81
26,,
27,6404.41,5244.66
28,,
31
1,7526.16,
2,,1165.33
3,,
4,8884.24,
5,,
6,,8790.60
7,3957.89,1345.28
8,3871.93,10491.30
9,,
10,6440.90,5191.23
11,725.70,1303.39
12,6374.04,2833.83
13,199.82,
14,,225.91
15,7689.08,
16,,
17,4599.06,9649.16
18,,4614.38
19,,3371.22
20,3348.26,395.95
21,5363.17,4229.70
22,,
23,,598.28
24,1466.50,
25,,
26,9185.84,6372.65
27,,5245.05
28,9121.95,1553.69
29,9233.23,
30,,1948.12
31,,10941.94
31
1,8615.70,3444.32
2,4289.02,3411.71
3,213.63,
4,2640.25,
5,2090.19,2843.40
6,433.05,
7,,
8,3427.94,8443.20
9,7339.92,9054.12
10,7674.07,9022.84
11,8812.82,1690.43
12,2765.15,
13,,
14,,
15,,7150.27
16,3645.10,4632.28
17,,965.60
18,,
19,6041.98,5597.86
20,8163.79,
21,7882.35,
22,,12773.03
23,2089.28,6962.81
24,4596.06,952.00
25,8121.70,3727.93
26,,
27,,
28,5833.34,7754.99
29,,1621.69
30,5925.96,2397.71
31,,
28
1,4100.81,1546.63
2,,
3,9425.66,4720.14
4,5552.26,9862.67
5,,
6,523.38,29.20
7,2655.51,5417.74
8,,245.41
9,6305.48,914.35
10,6750.39,
11,7923.02,
12,4892.02,8308.46
13,,14246.29
14,,596.02
15,,
16,,
17,2200.79,2496.85
18,,1588.78
19,,
20,1698.08,912.21
21,,
22,7105.95,2239.40
23,,
24,,3525.55
25,1233.00,1982.44
26,3767.22,5225.72
27,8374.92,
28,,7273.32
30
1,4457.18,
2,6529.01,
3,,
4,896.82,
5,9418.70,
6,,17610.46
7,,2225.21
8,262.23,1338.62
9,3943.77,
10,6335.28,
11,,6539.55
12,6073.71,
13,3755.57,
14,4263.90,
15,2537.78,
16,,12432.62
17,5797.93,
18,9518.81,4766.06
19,6679.32,24851.82
20,3731.62,
21,106.75,
22,1094.79,3179.67
23,9151.98,
24,,
25,,
26,,
27,5946.51,11733.37
28,9066.14,
29,,1307.04
30,,
31
1,7276.30,3842.02
2,,
3,2024.04,
4,,
5,,2591.24
6,6579.89,
7,,
8,,
9,9471.89,
10,738.79,
11,4241.04,
12,,
13,6061.04,11816.63
14,,12322.27
15,,104.52
16,3983.51,8622.48
17,9804.05,4704.62
18,9822.10,4982.11
19,8271.35,
20,,
21,6757.28,
22,,
23,,
24,,10078.40
25,,1878.72
26,,
27,,10713.27
28,2372.46,
29,4915.97,
30,,
31,9255.86,17073.57
30
1,610.80,
2,,473.68
3,,
4,,
5,,
6,,85.56
7,,10.62
8,,8.72
9,8216.79,4153.70
10,6437.60,
11,,
12,3207.43,
13,,
14,2147.33,2189.11
15,,4890.90
16,2696.26,
17,,
18,,3002.36
19,,6825.75
20,4575.18,4895.04
21,9564.95,1683.74
22,,
23,6929.72,9413.55
24,8562.03,
25,,
26,,
27,3504.91,
28,4491.38,1946.45
29,6582.83,180.93
30,,
31
1,,
2,8980.84,
3,8691.29,8394.74
4,8534.50,11990.99
5,,5324.43
6,652.09,622.19
7,2638.37,2190.74
8,,
9,8384.27,8364.95
10,,965.41
11,,19.11
12,1888.22,
13,,
14,,
15,6712.00,
16,8698.88,15197.28
17,,1614.16
18,9435.94,3181.53
19,,3237.86
20,2961.16,
21,,
22,5725.71,
23,4478.37,9662.50
24,,
25,2716.99,9292.28
26,6856.41,6659.45
27,,455.35
28,5177.84,1152.46
29,2944.87,5535.74
30,,
31,8913.09,
29
1,,
2,,
3,,
4,6227.85,
5,1091.05,
6,,5285.08
7,4657.46,
8,,3730.16
9,,1577.45
10,9702.85,
11,,
12,,6663.05
13,,2034.80
14,,2248.25
15,7208.89,
16,,4050.85
17,1998.51,4692.17
18,,360.27
19,,161.34
20,7356.20,
21,5687.46,10434.98
22,,
23,,
24,,374.91
25,9958.20,
26,6827.27,
27,2038.16,
28,9013.86,15180.01
29,9898.81,
29
1,,
2,,
3,,
4,6888.90,3321.15
5,8762.49,10215.05
6,,369.82
7,,
8,,521.30
9,6855.93,2139.27
10,3840.50,
11,,6292.40
12,,2022.81
13,,926.87
14,,36.24
15,,444.92
16,,
17,,33.50
18,,24.45
19,6178.94,2457.71
20,4701.40,
21,,3767.75
22,,
23,5089.83,
24,5322.06,
25,9530.84,
26,,
27,,23414.67
28,,
29,,1039.91
28
1,7005.28,
2,6497.01,10665.85
3,3371.86,66.82
4,,2615.91
5,8390.22,9400.80
6,,
7,,1289.63
8,5472.63,
9,7437.14,6312.50
10,,
11,,
12,,1974.39
13,4725.05,3970.22
14,,1285.85
15,,
16,,1677.12
17,4597.58,7632.66
18,6474.43,
19,3049.34,5271.64
20,,401.54
21,4396.04,3231.86
22,,
23,4706.86,
24,8615.32,2347.24
25,4671.90,2609.27
26,1833.36,8868.66
27,1953.06,
28,,1152.15
31
1,940.18,9.93
2,8655.11,
3,2851.89,9048.77
4,,
5,,2687.81
6,,
7,9612.67,
8,,3305.01
9,,
10,6065.12,4125.81
11,,4942.52
12,7716.09,
13,,
14,,
15,,5273.16
16,,
17,,2389.99
18,,
19,,3814.47
20,3059.49,
21,9632.95,4403.39
22,8611.58,
23,264.81,10496.55
24,2879.30,5317.76
25,7167.29,
26,4935.39,
27,4297.42,
28,,
29,4616.48,4557.39
30,7957.10,4406.10
31,,
31
1,,
2,3010.51,2126.44
3,3960.07,1941.67
4,,
5,5708.97,7044.35
6,125.60,
7,9536.15,2849.76
8,,
9,,7054.63
10,129.99,
11,8934.28,5727.57
12,,1371.43
13,7511.62,
14,4213.95,
15,4749.63,17666.93
16,,
17,9626.70,
18,7882.77,3490.26
19,,3719.65
20,3746.64,
21,7184.56,202.36
22,6807.92,6988.56
23,,19613.04
24,1886.95,1638.99
25,8275.03,11598.07
26,7706.45,
27,,5489.26
28,,
29,,1477.21
30,2944.72,1259.19
31,,1969.32
29
1,,
2,2113.51,
3,1859.79,
4,2741.97,4929.09
5,,
6,9174.16,
7,,8903.95
8,5491.73,3234.13
9,,
10,,661.49
11,,3217.70
12,610.35,
13,,663.28
14,5948.34,2718.44
15,4042.36,7396.75
16,,
17,7668.50,3323.59
18,2470.23,
19,2743.43,4334.02
20,6654.12,
21,,
22,,
23,,1559.45
24,1789.03,11583.31
25,4497.76,
26,,4306.25
27,7751.35,
28,6661.28,
29,3853.24,8116.33
30
1,2077.88,1577.11
2,,174.17
3,9621.46,
4,,
5,6949.62,9340.42
6,,6056.91
7,3000.79,3646.82
8,,
9,,
10,,117.57
11,,417.20
12,3823.70,
13,,4064.42
14,,
15,,72.53
16,6118.89,
17,,
18,931.80,
19,,955.04
20,7786.71,
21,77.75,
22,6671.92,
23,4394.27,12228.40
24,,9232.15
25,,674.15
26,9972.62,
27,8298.02,8970.92
28,8980.07,19851.00
29,442.67,1469.00
30,,
28
1,4210.79,2528.09
2,303.47,1033.80
3,9026.01,1558.32
4,,
5,3892.90,10443.16
6,1217.74,2450.90
7,,
8,6812.57,
9,,1452.65
10,9025.75,5757.37
11,5008.69,11669.83
12,,579.32
13,,
14,,286.84
15,,399.64
16,6839.02,4309.16
17,2463.67,5830.15
18,,131.81
19,8342.78,
20,1752.21,8018.09
21,5688.72,
22,,8055.19
23,,77.28
24,7191.26,
25,,
26,4803.43,10424.02
27,,
28,,1349.39
30
1,,
2,,
3,,
4,,
5,,
6,,
7,6635.80,
8,,2765.45
9,,
10,,299.15
11,2407.17,5185.17
12,,
13,,104.78
14,3171.54,
15,,
16,714.44,
17,1896.48,438.78
18,,1911.69
19,,3789.51
20,,112.80
21,1750.48,
22,,45.05
23,,158.17
24,,817.75
25,928.01,1615.65
26,3233.91,801.11
27,,
28,,2459.95
29,8305.77,
30,,
30
1,,
2,,
3,,
4,,
5,5471.41,
6,,2874.53
7,,1096.41
8,9193.67,1809.00
9,,
10,9241.73,4289.75
11,5377.63,6818.31
12,,9401.15
13,1252.11,883.46
14,,
15,,
16,,
17,,
18,5458.90,
19,3811.36,8686.85
20,,
21,3811.84,
22,,
23,,
24,9766.98,3484.63
25,6783.05,6675.43
26,8111.10,4112.27
27,,4874.27
28,,8477.32
29,,
30,3872.05,2713.02
29
1,8101.01,
2,,3023.17
3,,
4,7039.01,
5,7866.86,
6,,
7,5288.93,16360.34
8,,
9,9099.47,
10,,
11,9561.60,16113.53
12,1953.20,
13,120.45,
14,,
15,2691.94,4861.24
16,,
17,6720.09,13441.98
18,5688.43,
19,3433.05,
20,,8875.52
21,9722.15,
22,,4145.63
23,1803.61,
24,,3914.60
25,6765.55,
26,,
27,,2692.32
28,,4440.45
29,,
29
1,,
2,,
3,2253.24,
4,9630.29,
5,667.24,
6,,
7,6699.27,13669.99
8,,
9,6391.55,
10,197.34,
11,7871.23,
12,,6404.16
13,8653.57,13167.22
14,,
15,8974.00,16482.45
16,,
17,,303.24
18,,
19,5114.28,5940.27
20,,
21,,
22,,466.98
23,4006.45,
24,9184.99,
25,,4254.30
26,,3899.48
27,3275.05,1546.07
28,,
29,,
29
1,,
2,9620.45,7798.63
3,7331.19,
4,2099.19,565.90
5,,
6,,10108.65
7,,347.82
8,3563.42,
9,,
10,,
11,7942.92,
12,2368.31,10281.70
13,,432.15
14,,
15,,
16,208.32,21.85
17,343.65,
18,,2766.18
19,,
20,2737.69,
21,6283.11,
22,6531.51,
23,6343.32,14789.96
24,,
25,,
26,,7342.12
27,1003.02,524.82
28,2985.49,
29,3411.78,6093.18
29
1,,
2,,
3,,
4,4596.75,
5,,1853.51
6,,544.89
7,,2057.66
8,9230.24,3659.65
9,5700.83,
10,,
11,,
12,,8955.06
13,,
14,,1808.02
15,,96.93
16,4900.28,
17,2398.93,2.45
18,9765.35,
19,5252.44,
20,5058.27,26902.19
21,5105.16,
22,,
23,,
24,4765.93,2668.64
25,,
26,6393.51,
27,,
28,,10639.53
29,3157.54,1816.31
28
1,,
2,9768.26,
3,,669.41
4,1455.83,
5,,
6,9632.56,
7,4401.60,10091.14
8,3205.17,10389.21
9,5910.34,
10,7918.17,8902.91
11,,4714.89
12,,
13,,
14,,
15,,3753.92
16,9366.46,
17,1644.62,
18,,10348.33
19,,
20,,
21,,
22,7805.27,
23,,4756.22
24,,2665.75
25,3546.18,4337.21
26,,65.57
27,,
28,2950.13,
31
1,,
2,9005.21,3751.22
3,,
4,2304.08,979.12
5,,4708.70
6,8227.98,6441.38
7,,370.81
8,,
9,4210.14,
10,,6649.53
11,,
12,,164.98
13,,
14,3440.50,1365.48
15,8881.69,
16,,
17,,6823.98
18,6417.02,
19,8446.43,3248.59
20,,8790.43
21,4375.94,8325.43
22,,
23,,993.26
24,,
25,4073.71,1606.10
26,6996.13,11141.52
27,5399.31,4691.33
28,5346.55,
29,7776.21,9603.94
30,1679.62,
31,8920.19,
28
1,221.04,33.80
2,4857.66,
3,7136.67,
4,,6651.12
5,,
6,1933.49,
7,,1716.97
8,3337.27,7308.02
9,7897.31,865.18
10,3724.84,
11,,8719.78
12,,
13,,
14,961.24,1499.98
15,,1468.37
16,,165.35
17,,851.05
18,,322.13
19,3938.48,812.55
20,152.00,
21,5248.04,5655.64
22,,
23,7122.45,5885.31
24,,
25,,3154.64
26,,
27,,973.54
28,626.14,
30
1,,
2,8137.86,
3,2466.75,
4,,
5,,
6,3337.23,7380.65
7,,
8,9842.81,8405.13
9,6695.79,
10,,2316.26
11,,137.02
12,1062.66,4818.18
13,,164.38
14,,
15,8428.30,15738.32
16,,116.92
17,8895.70,
18,1421.73,
19,,5116.87
20,,
21,2822.91,
22,8864.29,794.99
23,3103.47,
24,7146.30,
25,5434.98,
26,4884.58,2367.76
27,,
28,891.62,23993.51
29,9832.40,
30,,1709.24
