63 00 92 51 08 38 21 78 74 74 67 76 70 69 79 16 28 40 09 39 28 87 70 67 41 04 28 67 75 35 61 11 86 99 69 18 14 12 93 43 49 17 29 68 64 66 53 94 47 70 88 73 76 34 98 17 59 33 00 95 47 49 10 89 65 45 61 17 90 21 94 49 11 27 56 12 99 31 66 30 56 60 61 37 26 59 37 12 05 37 91 45 90 10 68 75 73 13 40 32
55 86 93 55 87 29 03 98 74 24 09 31 12 04 27 08 98 73 05 27 63 18 07 95 71 85 06 85 86 85 82 19 34 46 26 50 40 82 30 85 70 57 48 42 23 32 99 32 75 16 72 87 77 45 66 44 22 54 05 86 88 59 55 38 97 89 56 42 31 64 85 96 42 31 05 98 73 97 51 43 01 40 82 91 79 34 19 83 28 65 05 70 75 08 08 13 28 96 04 42
05 77 01 29 86 81 88 12 70 59 25 07 36 50 97 09 56 53 62 06 60 23 17 43 51 59 20 68 98 30 46 07 04 06 56 55 79 43 74 03 54 62 51 18 01 81 07 85 70 13 47 20 87 47 38 30 40 62 86 43 23 55 29 40 73 31 76 57 36 86 43 12 60 57 87 71 44 29 52 32 04 71 98 40 31 61 48 57 82 79 36 26 59 99 62 93 96 35 72 45
46 01 55 91 10 13 28 89 48 22 94 57 25 11 11 52 51 73 46 16 40 79 13 29 08 75 65 76 57 36 56 50 32 20 33 50 47 86 70 26 45 53 35 45 26 05 07 87 65 08 09 34 68 22 50 28 83 34 33 14 40 52 48 64 19 39 94 16 06 08 90 61 48 89 63 20 24 53 77 25 01 97 21 92 44 24 53 80 06 92 39 18 04 80 52 95 53 11 73 99
32 50 02 97 60 91 36 61 37 78 29 26 99 24 89 41 09 12 84 23 00 02 83 09 63 32 41 26 13 15 55 80 22 45 20 24 09 81 75 96 30 25 27 10 28 14 54 58 95 39 05 98 74 10 20 42 52 79 49 39 64 63 04 94 14 46 27 89 40 05 67 14 23 58 27 28 12 86 84 26 15 13 58 05 99 87 03 43 30 26 18 33 32 59 88 37 17 78 34 04
37 31 66 35 32 05 61 94 09 56 98 26 47 14 14 21 71 54 48 32 78 69 55 68 37 96 54 82 27 88 80 81 70 13 65 02 69 57 66 91 14 36 97 62 15 45 57 60 31 41 54 42 89 52 08 48 74 77 62 53 67 86 02 80 93 41 04 48 09 63 56 39 08 03 45 09 49 12 00 56 91 26 18 84 97 55 37 29 87 11 50 57 51 30 85 09 42 90 94 08
02 35 49 03 37 48 37 79 40 25 65 11 09 60 39 23 75 57 99 23 93 12 16 35 42 14 58 59 84 68 52 83 06 81 84 41 77 52 54 25 64 09 98 38 44 28 58 71 31 75 40 75 67 18 41 22 87 70 64 36 27 08 29 40 99 21 25 10 70 97 43 91 44 03 62 74 45 48 55 03 29 89 62 67 38 32 12 15 64 20 98 16 84 53 55 96 59 22 93 06
87 97 10 68 73 45 13 02 14 47 82 27 28 95 12 24 88 67 46 01 87 50 50 09 34 59 79 06 51 01 94 05 17 11 12 04 76 81 87 85 70 73 34 45 86 81 22 38 88 70 11 05 30 45 28 92 46 10 76 47 07 22 06 51 50 31 80 36 75 00 32 49 34 51 76 90 10 86 80 29 39 49 02 39 55 69 74 09 99 15 00 74 44 53 91 81 46 62 88 12
23 78 04 44 41 60 03 00 15 55 66 38 12 76 56 62 23 74 25 16 13 81 52 92 91 45 27 01 32 03 93 19 60 58 12 00 52 52 48 07 55 32 61 55 72 04 81 62 98 23 06 25 29 41 87 57 95 11 73 20 40 38 78 94 46 65 99 96 50 07 27 74 32 28 32 33 81 40 16 00 72 37 64 72 42 17 06 16 87 91 70 03 35 80 21 04 29 04 53 51
31 74 32 98 43 49 14 77 54 00 14 84 09 00 59 86 48 11 17 09 19 85 20 88 64 64 11 62 17 68 06 59 92 28 26 02 64 85 33 69 08 68 47 01 92 00 07 93 88 46 36 85 34 25 25 52 51 94 83 43 06 24 78 31 48 93 05 95 99 65 24 30 26 21 86 71 43 73 64 58 38 07 14 88 34 42 51 56 85 46 19 00 07 19 89 87 04 22 91 80
36 17 84 17 85 26 60 95 53 78 99 65 17 76 95 65 89 61 68 46 65 77 52 33 70 76 68 91 63 30 74 74 59 56 71 36 28 03 85 25 69 80 98 47 97 63 65 25 96 02 51 00 68 74 37 89 17 28 53 58 13 93 43 73 64 68 59 17 83 97 12 88 08 15 83 38 55 48 58 43 32 25 64 68 73 73 35 00 57 11 66 90 43 59 17 76 94 11 51 82
35 15 18 85 23 03 29 76 98 85 67 52 43 42 08 60 28 79 06 59 87 72 74 78 44 61 57 67 15 42 14 49 83 93 94 27 36 63 76 99 22 56 75 75 42 04 37 22 18 14 10 13 53 69 01 54 61 90 91 03 10 84 14 61 60 11 90 67 84 08 72 13 92 64 63 09 93 16 13 16 95 16 86 95 44 92 08 34 89 38 06 48 26 83 99 93 93 42 48 48
87 91 58 20 67 30 59 33 32 30 07 45 45 93 66 49 68 26 57 38 44 90 07 21 84 41 11 75 10 41 92 59 61 49 04 18 32 76 06 88 14 97 87 16 79 59 40 18 44 90 42 26 99 77 54 42 84 07 40 42 00 28 27 67 61 37 68 01 74 76 25 69 01 23 77 07 46 16 30 15 22 14 66 67 42 39 54 89 86 37 56 21 15 24 57 77 33 49 09 99
41 77 40 73 59 14 85 25 84 40 32 07 89 72 20 43 83 60 28 07 26 98 73 18 21 96 94 01 24 94 23 42 66 40 98 96 90 83 51 62 32 61 28 91 32 45 67 63 52 37 00 70 08 24 46 04 56 28 21 34 61 12 50 36 76 16 20 56 52 54 12 89 87 69 28 62 01 09 28 19 53 85 89 02 92 25 15 19 20 64 55 40 50 35 82 12 88 69 70 76
03 58 99 64 80 43 76 41 70 55 64 07 21 80 44 46 46 74 61 35 28 89 51 68 13 35 48 66 17 59 23 94 93 93 52 54 64 15 62 99 56 01 32 92 16 27 69 03 49 03 14 63 44 14 22 90 79 23 50 93 40 99 92 75 51 21 91 91 62 06 40 73 84 57 10 64 31 84 91 53 59 03 88 93 36 43 88 97 44 48 34 63 00 32 04 62 77 75 92 43
66 43 22 38 44 72 04 24 97 90 27 50 74 95 45 08 58 29 89 65 84 18 63 79 33 94 53 71 99 06 43 94 65 10 26 71 25 02 93 96 82 50 32 17 24 63 07 40 35 78 96 67 95 44 45 69 88 70 21 75 68 52 05 16 10 63 38 75 67 58 82 49 39 50 60 88 91 47 86 65 57 45 62 59 89 00 61 93 48 58 44 38 14 67 24 41 10 95 78 83
93 58 97 21 68 04 41 67 68 99 52 03 51 51 82 72 02 04 57 47 21 24 59 79 56 48 78 21 24 53 43 87 21 76 55 02 63 83 79 31 43 54 42 46 78 74 53 67 18 13 55 59 64 04 18 39 57 27 78 40 76 53 49 82 94 04 61 06 06 36 23 00 12 61 97 19 93 49 71 95 12 43 89 21 28 96 49 85 39 27 68 18 19 20 40 40 39 24 70 99
41 37 97 41 47 80 87 12 89 80 91 77 94 05 73 49 46 74 27 14 56 70 09 63 12 01 07 70 58 79 06 87 07 77 01 06 60 39 06 82 56 35 38 88 30 65 86 15 33 17 57 37 09 74 19 64 64 08 27 16 81 00 25 44 84 24 82 04 87 02 77 33 69 27 48 65 09 53 08 75 90 54 02 11 58 68 16 39 82 41 96 21 17 00 31 04 77 43 29 27
71 04 05 29 98 47 80 48 03 77 40 73 52 04 23 76 75 87 86 61 78 37 97 38 02 58 57 33 85 73 17 42 06 46 56 63 79 27 15 16 49 23 24 09 47 59 20 07 44 89 67 02 93 55 59 66 04 84 21 38 61 54 99 90 86 56 31 61 76 56 13 61 37 34 86 67 72 71 85 32 05 96 74 59 26 75 93 26 27 56 21 86 28 94 31 18 12 06 47 28
10 17 53 40 27 17 89 11 90 21 09 40 94 61 12 18 26 38 76 41 07 47 00 15 66 50 48 43 61 47 47 29 01 38 52 65 13 61 09 90 22 08 85 15 75 68 43 84 88 59 20 08 80 41 34 64 64 13 84 04 03 12 35 82 87 24 50 75 54 22 62 10 55 56 84 28 75 40 09 98 29 70 17 18 82 54 15 29 33 23 72 26 79 13 63 60 86 17 14 14
78 79 12 36 33 57 23 19 96 99 68 78 39 39 34 36 00 69 87 97 50 09 15 84 41 74 79 08 42 75 41 71 88 65 36 69 37 68 42 17 96 11 78 02 85 71 95 69 92 76 83 14 94 26 63 75 49 07 76 56 86 10 07 62 86 61 00 79 74 84 36 06 40 57 70 32 84 81 82 30 36 17 18 15 33 66 17 91 58 67 24 02 78 92 51 14 66 00 62 79
17 97 02 25 65 77 64 34 23 53 49 67 49 80 83 44 44 17 00 59 46 07 17 92 71 35 46 12 09 17 73 26 49 16 28 27 77 38 01 02 07 23 53 67 88 71 96 97 26 92 97 19 55 55 34 60 88 62 76 99 03 35 13 14 18 00 41 63 57 33 43 62 02 44 29 86 67 60 37 82 52 98 60 16 43 91 55 44 86 90 92 08 60 89 78 61 41 37 22 74
37 43 48 88 47 15 54 45 27 25 68 79 69 95 80 02 28 06 84 74 32 65 55 70 80 28 84 89 09 71 07 55 04 85 15 94 67 17 44 16 84 99 70 00 93 36 34 76 64 01 86 09 02 37 80 78 27 56 88 80 51 15 67 39 20 42 00 03 65 96 86 10 10 85 16 89 21 80 98 98 97 76 19 97 25 74 84 15 25 68 29 84 50 40 19 94 00 44 51 18
98 94 21 51 36 74 65 06 28 15 15 49 96 99 53 65 05 06 27 42 18 46 71 59 15 10 15 34 83 97 20 37 89 02 89 29 84 97 37 71 03 89 58 93 97 18 11 63 60 47 05 91 29 76 82 52 52 29 18 66 99 23 91 11 78 97 85 65 17 35 12 93 29 99 87 93 72 12 53 58 60 48 45 81 68 79 46 18 52 78 49 24 74 38 37 52 10 86 94 53
18 24 66 34 59 88 25 02 49 78 95 90 53 58 96 84 45 62 79 39 08 80 84 00 45 00 29 92 92 69 48 33 60 11 71 83 19 04 81 71 99 04 01 90 34 11 21 13 70 99 30 58 22 52 94 23 45 15 95 67 56 82 98 20 28 94 84 20 28 24 98 05 68 30 20 56 39 17 85 12 85 12 53 31 30 16 16 13 60 00 79 16 51 62 97 83 32 87 56 53
27 26 06 87 70 51 46 31 44 83 04 04 47 38 62 49 51 82 62 05 11 51 25 25 65 03 89 22 89 15 71 27 35 81 19 30 99 05 33 87 11 74 22 65 88 05 72 54 41 10 27 28 90 32 37 53 25 28 69 35 43 94 69 64 05 46 65 26 73 42 64 32 33 33 62 01 60 81 83 97 49 30 84 21 84 06 12 12 67 46 42 49 94 91 82 86 27 27 81 98
65 90 71 10 72 12 57 77 95 89 59 86 58 16 40 96 11 82 80 46 91 31 64 86 10 19 62 47 56 86 15 10 68 67 98 13 55 75 42 23 61 94 33 61 16 87 45 39 18 32 39 47 50 46 22 34 22 54 26 68 97 30 63 35 72 95 74 05 07 19 42 95 97 64 19 82 92 15 13 47 12 40 36 28 84 15 45 66 92 52 92 66 25 32 64 20 70 04 81 02
83 47 53 36 13 27 51 81 98 93 80 31 55 34 39 67 16 63 56 10 90 21 22 95 93 90 63 59 30 16 77 53 60 23 86 71 83 83 24 22 08 76 07 32 21 17 21 41 78 88 73 09 78 44 63 29 00 19 95 21 15 27 53 92 61 35 98 92 29 55 02 33 49 36 34 45 47 10 60 02 58 65 14 40 86 87 99 06 14 75 94 96 83 75 29 88 30 28 81 13
49 68 57 02 14 57 45 40 13 85 30 42 57 19 79 26 51 12 50 20 32 27 97 12 61 22 93 61 76 89 38 41 16 58 49 77 21 36 87 09 87 46 89 77 07 36 93 43 42 59 25 54 97 34 03 48 60 69 97 39 74 23 30 46 90 33 39 50 30 16 49 77 09 28 55 44 35 95 40 44 97 74 22 39 17 44 62 69 17 16 26 51 08 16 97 00 39 04 58 85
55 78 38 79 03 21 95 25 21 84 36 01 05 91 39 41 37 49 55 42 77 35 51 51 75 46 98 36 31 12 93 15 54 24 67 60 13 15 42 85 78 39 52 21 97 87 87 15 81 86 89 80 38 13 27 16 67 20 94 90 82 81 94 66 87 68 52 32 55 79 26 49 65 69 93 57 79 70 98 45 56 26 53 14 09 59 08 47 22 19 69 89 28 27 37 83 65 01 00 62
84 08 33 59 58 01 46 05 62 48 40 10 34 33 55 09 18 13 05 26 59 26 30 69 44 62 00 70 68 32 20 67 02 55 77 61 78 52 48 55 17 32 86 28 83 80 07 36 25 79 83 87 59 37 18 35 44 33 76 52 57 03 36 30 47 69 56 01 16 96 43 58 46 16 86 62 88 26 52 52 58 61 76 84 60 84 49 51 30 17 18 43 47 16 40 83 44 32 17 89
13 83 22 08 39 86 90 80 09 91 34 76 81 22 06 35 29 75 90 60 16 98 29 33 71 43 71 12 94 48 92 47 28 65 23 57 02 78 13 66 89 19 19 33 93 43 19 58 99 87 42 15 08 52 41 92 16 46 37 14 51 35 26 65 46 24 23 06 57 42 27 20 44 15 41 47 24 64 61 15 49 55 09 15 51 98 90 29 99 91 56 48 60 07 37 41 29 98 73 47
33 04 84 86 55 70 65 81 32 13 39 76 16 84 82 49 37 93 68 25 10 53 78 71 21 13 47 69 84 74 15 71 10 57 52 00 37 20 66 95 71 13 18 87 39 25 18 64 78 57 27 22 44 25 91 74 13 37 35 28 81 64 30 50 64 85 40 70 74 54 29 50 07 09 88 87 15 70 60 33 46 02 20 90 90 65 65 02 02 67 53 01 96 09 93 85 15 04 54 32
15 27 22 26 85 33 91 35 70 51 70 35 65 60 73 36 98 07 10 82 99 54 29 22 09 60 37 00 18 10 72 30 35 31 16 74 33 09 97 65 35 84 93 55 82 86 20 43 12 02 26 16 15 35 71 26 01 33 38 74 75 30 93 76 27 50 12 07 23 01 04 20 07 78 96 29 43 81 96 29 31 59 35 48 52 42 15 32 35 61 87 36 17 85 85 34 42 37 89 60
43 28 31 12 52 76 33 72 75 33 49 05 75 93 35 55 48 19 74 94 20 94 13 97 15 03 24 36 08 31 13 82 89 59 30 81 38 43 65 96 01 74 72 46 93 12 94 29 16 82 19 67 59 06 84 46 79 83 07 63 62 68 78 64 25 34 02 78 64 77 95 50 46 07 39 02 32 00 70 61 17 90 78 03 41 09 87 70 59 95 96 69 48 09 00 91 10 45 21 29
98 00 29 26 82 62 68 88 12 54 05 07 37 56 67 10 53 13 63 98 96 89 25 19 28 64 49 74 66 31 29 89 57 84 52 07 58 97 42 16 54 09 67 12 17 72 14 36 47 52 64 77 30 06 13 62 76 56 67 62 67 78 68 66 20 23 03 49 64 05 49 73 01 65 05 08 56 57 95 69 20 93 45 08 05 13 68 68 60 50 90 42 75 48 44 48 27 07 36 14
49 93 25 29 18 71 47 14 72 45 47 61 55 17 19 14 21 20 58 66 19 40 15 55 88 98 76 99 79 07 00 03 64 27 86 47 12 29 17 79 68 78 96 72 69 42 09 84 42 77 19 77 33 53 98 53 51 43 77 31 23 87 50 22 99 61 48 59 44 77 50 66 64 45 68 34 69 15 69 82 59 53 28 99 39 41 03 27 60 37 77 88 16 80 19 95 01 04 36 61
09 47 63 76 03 78 98 35 87 25 29 31 42 52 19 10 24 68 45 29 83 22 66 22 41 17 95 41 49 91 85 25 55 29 83 68 87 36 46 75 92 61 77 43 54 94 70 48 28 19 21 56 92 35 86 42 19 42 17 09 89 52 75 63 19 25 36 19 54 09 97 42 51 96 30 71 58 02 08 11 72 01 90 24 91 19 43 18 81 76 66 35 87 53 26 63 52 71 79 28
69 43 49 56 09 21 40 03 35 05 09 01 36 18 45 24 55 76 08 31 15 54 66 93 49 55 02 93 70 65 03 08 80 55 40 38 25 57 91 14 42 15 10 72 83 55 70 05 42 88 58 53 34 80 52 26 41 58 79 65 86 49 74 78 51 01 08 42 19 46 78 93 77 60 05 78 61 11 05 78 26 92 91 12 73 90 94 24 92 30 46 55 64 22 01 91 66 36 03 21
32 58 78 55 93 68 80 29 14 02 85 63 33 48 80 81 56 93 97 19 42 98 97 12 11 68 35 63 81 49 12 99 43 01 98 61 14 14 45 84 19 68 99 22 89 20 18 66 76 59 32 40 15 16 02 42 43 24 05 21 92 64 48 21 45 73 75 26 04 71 82 18 20 94 62 84 19 67 20 12 73 51 32 31 47 86 40 50 80 77 19 33 62 69 17 73 89 36 01 39
82 59 38 65 59 87 99 08 64 18 46 00 49 86 20 27 89 72 03 64 31 51 13 40 77 76 57 21 72 73 36 15 90 74 66 88 95 60 70 72 30 77 84 24 43 98 14 88 63 08 00 41 84 90 70 58 72 52 98 19 69 25 67 63 19 31 76 83 05 31 86 72 33 16 14 06 48 46 35 59 39 44 37 19 46 83 75 06 18 22 34 97 24 38 95 90 68 71 93 90
47 38 13 45 63 71 25 32 26 86 79 24 63 97 20 63 09 01 51 41 96 54 84 53 58 70 55 61 27 22 02 05 97 88 24 70 39 49 99 88 25 79 65 78 65 87 99 42 89 56 15 18 10 12 56 77 30 00 92 48 90 48 10 51 29 50 06 96 33 07 38 12 27 36 54 14 71 18 52 90 47 41 31 58 65 95 95 51 24 21 98 94 42 33 01 94 54 78 81 03
44 77 65 50 83 05 58 59 31 01 18 33 43 79 30 00 63 37 47 01 73 72 12 59 67 00 51 05 25 14 01 50 42 75 20 08 90 58 44 42 54 42 54 65 04 06 73 01 12 88 94 37 12 37 79 24 33 50 40 84 00 89 68 37 97 04 35 44 70 52 89 50 24 83 98 04 98 66 80 64 86 33 63 01 86 80 79 41 68 47 21 87 51 36 48 09 90 77 43 29
07 46 04 60 49 28 59 04 06 40 54 86 44 11 02 52 10 94 07 33 36 19 36 39 93 18 89 38 14 63 62 90 11 48 71 75 64 35 14 27 55 83 76 14 94 36 83 93 09 06 73 36 65 01 39 22 78 03 73 31 39 19 38 13 53 67 64 28 55 22 66 47 93 43 38 77 07 14 22 06 90 24 14 08 30 59 21 41 71 67 10 21 30 20 38 37 18 82 43 95
85 95 79 46 89 01 39 30 09 70 19 26 09 48 05 54 77 87 34 68 11 39 32 91 35 64 54 22 56 29 25 55 01 96 69 87 10 27 48 18 94 64 79 97 63 35 56 89 56 46 26 51 22 18 29 18 53 28 26 64 11 60 70 36 77 69 65 01 77 67 05 09 43 15 89 55 71 48 95 66 61 83 18 70 21 88 67 05 50 48 54 26 18 52 50 55 07 40 29 38
61 45 33 82 40 24 29 67 41 87 36 28 54 68 88 54 99 06 18 93 37 00 99 74 89 00 44 76 28 31 95 25 34 87 65 10 78 40 47 59 30 57 85 36 00 31 62 77 13 39 67 49 37 12 51 15 53 08 44 18 80 67 29 98 81 27 12 72 46 32 11 98 70 85 82 17 11 69 99 92 06 63 22 86 52 03 04 05 33 64 60 46 59 88 41 41 62 69 56 72
55 75 77 96 96 51 40 41 23 41 35 72 79 26 11 63 84 38 41 08 77 65 66 47 05 86 18 45 71 35 63 47 00 00 34 53 60 72 95 16 84 37 30 99 43 69 25 61 02 93 22 08 50 18 03 93 34 52 85 76 15 27 05 53 61 82 08 41 62 26 27 63 46 83 61 62 30 47 53 48 98 67 95 97 43 00 34 90 02 71 48 13 83 68 39 13 25 10 61 88
43 03 43 05 09 28 22 46 73 72 19 63 61 38 49 39 57 45 88 59 61 83 97 40 25 06 13 48 74 04 28 58 91 27 04 95 40 12 79 85 47 16 90 38 44 00 82 82 79 75 13 15 50 24 78 69 36 46 83 53 34 47 61 24 41 64 94 45 97 11 74 53 88 12 55 46 06 86 88 46 98 78 72 11 35 29 21 08 89 07 68 09 63 48 17 84 65 68 16 06
38 28 29 76 69 19 73 31 42 36 82 84 17 20 95 54 74 08 01 65 83 89 29 99 43 76 30 79 87 74 35 47 40 88 12 68 50 61 33 64 44 45 56 46 84 47 23 06 20 43 31 84 23 84 41 04 39 73 98 57 92 51 02 71 72 95 89 99 77 51 43 81 87 10 78 05 48 86 59 71 85 35 69 42 40 81 77 52 51 87 03 70 68 17 71 06 60 53 01 43
28 40 71 60 61 43 52 37 16 25 09 38 10 59 32 05 70 59 97 46 55 40 39 35 26 46 35 62 65 66 25 39 03 24 24 54 68 52 51 15 24 01 85 18 49 37 37 50 82 63 85 54 39 06 13 18 22 29 29 60 43 33 92 94 25 11 27 38 22 77 33 49 85 05 41 72 26 79 47 17 75 75 04 73 91 26 78 44 49 87 43 51 86 15 13 02 86 94 31 97
61 49 96 00 51 01 27 72 95 58 78 38 54 29 51 99 66 04 76 18 66 07 30 84 22 32 07 98 31 80 41 30 06 46 11 85 12 69 27 89 23 22 46 26 34 40 65 71 26 51 05 22 69 41 65 78 18 04 67 86 23 46 45 10 85 30 94 06 99 58 59 35 70 66 39 35 83 01 91 33 89 93 63 81 03 57 13 27 32 46 54 34 75 74 86 88 70 77 06 81
85 95 56 24 51 32 02 82 30 14 09 66 53 16 04 00 83 52 66 79 50 35 73 13 34 34 85 58 57 97 93 72 28 84 25 81 08 18 85 24 14 81 02 26 44 65 27 73 82 97 36 87 14 71 02 01 08 45 34 28 09 32 09 41 20 50 68 32 31 13 54 59 56 74 47 16 27 52 68 58 35 12 06 78 02 42 47 17 82 56 12 03 20 95 64 50 75 48 50 85
13 92 32 48 07 71 48 61 86 48 40 30 39 66 17 13 99 04 11 81 75 93 21 47 09 62 20 69 76 10 59 27 02 01 75 76 35 74 84 52 89 90 13 92 17 17 80 44 45 16 02 01 84 58 78 91 91 17 08 04 52 84 26 99 22 78 59 05 85 38 60 70 96 78 97 26 57 07 76 18 92 75 29 89 32 38 46 95 60 31 89 17 33 47 88 52 17 28 73 29
64 84 08 66 63 32 63 90 96 64 13 95 64 69 30 01 96 30 07 72 02 86 33 67 11 90 45 99 39 87 31 38 65 62 99 53 46 84 74 10 61 54 42 96 65 18 03 05 30 17 73 10 50 60 62 01 40 13 92 92 16 78 71 54 11 26 18 90 89 89 49 73 88 87 32 49 39 93 30 73 37 55 14 48 68 45 34 09 59 29 58 41 76 71 24 88 82 31 73 46
75 73 69 55 86 79 63 57 81 32 05 57 14 28 36 19 08 11 59 26 17 01 34 29 42 64 94 35 75 94 87 21 46 37 59 51 23 16 30 41 45 97 23 30 19 57 07 26 66 72 48 12 04 77 29 86 76 94 69 73 34 54 73 50 92 04 24 59 49 16 02 36 61 68 61 66 88 61 72 01 02 06 49 18 24 57 35 28 00 05 25 81 69 59 79 01 18 77 71 86
74 02 07 95 99 27 17 90 36 36 51 38 64 34 63 78 56 62 28 68 24 88 15 66 42 33 28 79 20 39 39 76 50 78 60 85 77 36 49 58 23 07 56 59 19 03 44 87 88 71 91 66 90 92 01 66 01 57 25 88 34 11 71 17 12 01 70 31 32 45 27 59 70 01 70 16 37 68 90 69 73 36 57 09 79 53 85 92 69 14 58 75 64 93 32 45 52 58 53 12
40 96 61 47 60 70 02 58 96 76 03 72 02 02 89 38 35 91 62 28 82 84 14 97 14 85 63 56 59 61 96 01 73 77 74 99 01 54 00 96 21 32 01 40 03 88 12 56 86 26 28 86 97 24 98 25 00 18 13 42 76 70 08 58 79 94 26 56 98 06 83 75 61 12 47 81 73 50 98 67 56 65 15 90 81 52 02 51 30 81 16 95 08 94 53 22 90 93 38 24
47 69 12 10 94 99 30 07 11 96 94 13 17 58 92 60 78 34 37 37 03 10 30 35 98 72 70 45 06 91 36 24 50 91 46 58 49 27 48 70 98 19 09 35 64 66 09 75 57 06 72 52 29 97 94 58 58 80 88 84 98 04 70 53 90 52 43 15 54 82 27 06 29 02 87 72 03 64 92 41 86 98 14 51 14 38 16 04 65 83 66 39 00 04 59 73 76 05 61 04
09 85 09 95 37 37 96 13 56 87 20 13 43 60 68 47 72 52 29 41 14 20 82 73 70 06 71 82 46 29 44 22 42 08 88 82 21 00 99 01 69 26 81 64 91 76 26 35 01 16 03 81 26 83 41 18 70 79 78 63 59 24 61 92 52 34 27 81 61 12 36 70 40 66 99 24 99 36 36 37 78 42 20 01 84 60 50 87 34 03 36 55 72 43 24 26 33 09 94 73
02 88 09 60 70 11 19 26 33 42 05 13 35 58 06 47 12 12 43 16 03 46 85 48 60 61 68 33 31 11 58 82 03 84 48 32 07 69 47 86 76 25 78 48 36 87 99 04 67 70 29 88 97 80 02 64 92 66 47 33 28 32 97 33 76 25 45 61 67 03 81 64 29 45 50 45 41 27 46 84 49 78 91 12 48 16 98 13 23 98 10 37 62 86 49 88 30 86 30 60
74 70 28 76 91 03 62 37 30 36 44 44 68 49 59 99 68 43 73 06 49 66 80 14 34 04 93 76 45 51 49 09 36 46 56 35 67 86 26 76 46 06 75 06 66 46 30 42 97 21 19 35 43 53 63 79 36 09 25 06 19 29 30 39 33 07 57 43 60 66 17 29 23 55 09 72 11 65 75 28 14 78 36 35 44 00 20 33 72 54 45 40 99 86 71 90 56 97 67 57
30 51 24 45 51 41 68 88 78 14 72 26 41 73 36 12 17 29 54 44 06 18 53 88 54 96 06 72 71 91 62 13 54 70 07 39 56 58 26 87 31 50 82 91 04 07 12 13 21 02 22 02 86 15 62 44 62 15 75 82 52 50 55 20 35 70 90 99 56 67 14 10 19 24 80 48 33 92 03 50 20 10 64 18 76 63 50 94 31 97 11 98 01 78 81 08 66 43 96 99
60 15 12 35 13 64 75 53 86 24 56 83 27 02 47 26 24 75 03 76 19 60 50 72 16 63 68 59 14 22 49 88 48 85 01 80 93 26 83 09 00 79 65 48 37 84 72 54 65 51 20 40 69 31 56 27 90 12 00 23 27 50 63 97 28 08 87 80 56 51 72 84 59 32 26 37 67 86 19 27 17 91 85 88 14 95 40 92 11 50 73 34 30 67 60 55 68 17 64 86
53 02 41 79 99 72 69 30 16 67 79 01 78 71 90 42 52 70 39 62 27 73 83 06 99 25 24 81 48 60 11 28 85 88 62 30 84 91 95 27 96 00 89 23 45 22 63 49 11 90 81 06 74 93 71 73 00 73 77 88 20 49 55 49 11 07 21 80 54 01 05 96 68 48 09 82 82 33 21 76 09 59 97 60 76 86 80 69 27 66 89 19 07 79 23 68 52 21 80 34
65 93 74 97 00 75 78 69 42 16 59 17 73 07 04 31 48 07 81 88 12 32 20 60 99 71 72 07 35 17 47 15 73 60 46 78 02 37 37 44 55 18 73 11 32 52 65 87 64 45 24 48 54 44 96 31 46 49 55 33 56 28 64 27 41 82 29 71 60 55 14 13 69 21 15 66 44 61 57 85 47 68 33 83 85 12 59 89 90 33 89 34 04 05 49 12 19 95 23 77
98 36 44 33 46 31 33 41 85 51 92 60 12 08 30 80 81 14 97 82 41 06 53 53 82 88 54 95 49 99 72 18 03 08 88 67 65 97 47 34 06 92 78 41 80 57 72 51 20 86 16 01 12 18 62 52 67 49 89 47 04 41 69 75 19 16 78 48 90 30 09 84 35 22 86 68 47 86 60 95 35 14 74 22 79 03 55 90 42 61 40 30 36 30 37 52 51 67 81 87
36 96 36 27 25 52 25 12 82 24 37 06 12 12 67 34 98 74 01 23 23 42 83 52 82 90 43 62 98 57 82 94 45 61 39 03 47 47 90 30 63 67 87 63 38 40 32 69 65 02 37 79 31 43 20 14 96 77 53 83 88 74 37 09 75 58 90 88 89 62 46 53 59 46 74 54 46 04 29 10 64 09 80 46 65 85 05 59 66 59 35 16 90 51 29 73 83 07 01 66
92 69 21 09 45 27 02 59 39 06 14 66 27 85 80 84 57 14 22 16 54 31 19 42 91 91 67 65 37 08 12 77 43 60 86 40 03 12 48 98 82 21 34 64 57 95 95 09 72 93 80 49 03 22 62 15 32 26 82 98 05 40 48 01 11 16 07 39 20 30 46 91 38 29 54 41 88 99 80 01 70 62 55 41 85 16 57 41 20 72 03 48 83 76 07 70 83 84 61 97
59 21 94 86 15 07 77 44 02 96 03 72 34 38 63 52 07 65 59 78 08 10 42 70 51 08 47 32 96 32 99 07 98 68 35 43 14 42 17 94 65 00 33 07 04 71 87 95 18 36 96 48 71 99 63 84 21 32 95 12 17 57 55 40 63 76 29 46 38 22 31 70 35 41 92 40 21 24 64 34 11 30 96 53 37 35 45 55 45 59 87 48 78 17 49 62 48 82 20 67
39 47 26 17 97 32 86 76 88 14 30 68 80 47 59 51 91 79 89 87 78 71 59 29 96 30 15 37 31 19 92 50 86 02 24 54 59 24 53 15 77 03 92 70 82 07 38 04 80 34 74 51 22 98 99 79 46 32 87 70 17 78 54 55 31 22 86 74 21 79 39 06 69 06 95 71 37 33 67 66 13 00 41 56 27 65 44 23 92 57 77 76 78 97 37 30 72 08 59 85
11 15 27 63 75 75 62 95 93 95 44 96 37 61 90 81 58 39 24 31 51 71 67 48 78 18 04 67 36 86 37 90 93 33 70 67 48 79 38 44 90 43 60 34 84 10 01 99 68 42 09 04 59 49 31 50 85 63 81 63 44 14 29 21 46 21 02 71 75 80 11 24 12 18 51 71 75 14 17 25 23 32 22 87 42 32 77 49 26 20 47 60 58 35 86 51 64 67 17 89
64 20 17 23 07 99 21 37 89 98 99 56 88 98 59 06 79 31 19 42 83 75 39 19 58 86 18 56 17 22 73 90 56 71 35 54 98 24 95 15 15 80 94 15 71 56 65 14 59 18 15 60 54 22 23 01 74 85 98 19 43 71 16 95 70 11 81 64 47 03 11 81 48 38 35 55 72 09 74 44 96 73 37 47 97 30 85 12 53 38 25 81 52 26 77 38 03 82 21 22
20 05 23 87 24 43 38 20 34 99 56 54 38 92 67 16 66 03 36 69 32 25 52 13 97 11 76 65 38 84 25 87 54 26 90 89 04 56 34 01 75 68 17 58 07 16 99 79 67 29 15 25 57 44 03 72 86 57 30 42 12 31 14 36 26 89 36 83 83 87 68 62 82 89 15 91 26 37 01 31 82 72 93 50 32 93 09 45 79 34 85 39 00 01 47 33 14 88 09 49
66 98 04 04 66 09 85 96 96 41 10 57 52 23 95 46 84 11 51 41 84 44 23 79 50 01 29 97 31 33 81 83 52 88 53 99 84 50 16 15 15 46 38 33 29 67 34 55 69 03 89 23 09 04 42 09 43 27 72 24 25 17 60 41 01 66 88 14 85 86 42 31 59 43 17 53 81 24 75 03 03 19 78 36 90 89 44 47 38 32 31 60 71 28 11 31 06 51 49 01
55 54 40 79 87 04 10 12 67 65 84 84 28 37 59 19 30 77 65 44 67 39 95 02 75 13 57 61 22 63 75 98 39 18 95 17 75 53 50 96 85 24 79 84 33 73 80 17 19 74 03 67 39 20 84 80 12 73 10 23 38 54 71 58 37 01 02 80 11 55 00 37 10 63 15 42 96 57 48 41 11 17 91 06 10 20 69 58 89 76 34 61 41 09 17 63 97 85 05 32
84 29 94 36 69 71 00 49 16 07 16 44 92 58 18 96 06 81 51 03 76 14 73 51 16 35 68 29 19 48 20 84 70 12 89 80 16 59 23 03 46 26 48 82 80 52 95 61 22 85 90 92 31 91 24 13 33 52 05 63 18 03 35 14 04 95 64 42 77 13 46 19 45 74 63 14 44 52 65 89 03 32 13 28 75 34 61 12 99 45 64 34 48 65 63 93 82 33 13 10
97 07 63 65 17 28 58 56 96 98 74 56 19 24 81 36 77 92 26 14 71 17 80 85 60 00 39 73 21 13 97 27 24 58 69 12 19 75 73 70 88 06 58 94 25 23 06 31 71 13 50 88 83 60 50 73 13 82 54 42 52 28 83 34 30 74 52 90 15 75 67 85 08 56 03 11 42 80 31 18 94 13 01 75 55 90 17 86 84 60 30 56 79 92 52 22 55 39 92 14
31 57 49 83 52 91 99 43 97 48 01 49 70 56 63 81 94 76 11 39 46 38 94 31 71 48 76 64 79 12 29 72 29 59 62 08 64 53 24 22 71 70 96 71 82 81 80 07 88 89 22 56 93 72 43 31 63 00 27 83 34 94 03 36 65 31 79 27 07 24 92 12 67 02 75 80 16 13 49 54 94 69 86 74 26 77 31 68 88 65 68 99 96 09 35 66 10 69 44 29
83 64 82 25 65 52 95 69 35 44 16 36 63 80 36 33 57 50 92 74 41 30 87 30 84 65 64 06 40 99 81 21 38 19 30 97 74 64 19 34 70 93 27 51 60 91 72 40 46 43 56 57 39 43 06 06 72 74 45 20 52 71 01 16 37 35 52 32 53 59 13 10 55 26 77 53 24 61 06 27 24 16 89 38 85 45 03 91 14 95 77 60 01 85 17 53 01 33 21 38
79 32 23 21 08 13 58 68 15 38 65 63 49 96 18 23 35 91 23 74 91 53 73 86 44 15 12 21 60 21 88 07 47 96 53 80 30 03 79 15 70 63 70 76 36 89 39 57 42 69 53 06 63 08 18 06 28 43 15 32 99 11 00 84 02 77 16 75 85 16 54 33 24 79 28 77 76 21 25 20 73 03 22 24 79 11 29 28 37 24 38 57 94 91 19 87 10 37 24 61
41 15 89 64 49 58 48 91 95 33 82 88 12 02 90 52 17 28 80 32 96 62 05 88 37 32 80 29 70 08 77 03 62 66 18 15 10 44 66 37 19 36 36 94 56 92 76 92 21 61 01 51 68 22 51 74 75 31 44 27 91 68 18 16 52 19 95 53 39 82 50 76 09 36 06 56 17 00 17 15 69 27 79 55 26 51 17 07 18 44 53 55 87 47 96 49 91 35 43 24
71 31 11 47 41 63 00 08 66 11 33 59 84 66 38 33 97 73 02 86 65 86 36 02 70 00 06 21 87 81 86 99 54 72 93 15 43 78 70 44 87 95 83 97 70 37 22 01 53 16 83 47 07 79 46 09 11 20 13 13 15 15 69 46 68 27 78 87 11 69 60 17 12 43 36 08 66 98 52 44 59 57 72 63 94 89 10 74 14 73 65 41 65 51 82 72 14 50 48 56
85 83 39 36 58 15 75 16 06 11 91 72 14 23 80 06 20 69 08 39 92 09 01 92 83 46 51 15 72 64 32 26 49 06 17 43 81 68 62 35 88 21 82 87 23 94 64 23 82 10 20 66 56 63 39 58 30 36 51 30 69 58 61 19 14 64 40 80 43 81 43 74 21 55 87 15 85 99 92 51 08 34 43 25 22 68 36 64 71 36 54 77 21 50 48 70 34 30 23 62
63 66 66 20 25 23 65 45 76 05 87 65 02 31 31 62 19 07 79 45 24 40 12 76 88 06 29 73 99 47 14 84 34 79 24 98 40 71 84 02 93 12 74 74 64 14 62 79 06 44 02 70 70 74 45 39 48 25 71 97 71 17 53 48 22 57 85 79 66 12 81 08 03 92 21 21 22 07 06 95 16 27 46 71 93 67 78 78 74 20 11 01 44 46 92 32 71 59 29 20
91 18 02 81 35 66 56 47 44 98 01 49 84 73 70 15 41 22 97 97 08 22 49 37 79 55 80 94 00 41 71 96 19 85 93 80 92 41 14 27 01 70 51 27 11 33 71 31 21 89 32 96 17 35 16 02 00 04 40 97 57 24 52 01 14 72 29 76 54 37 15 34 87 64 94 48 72 79 61 70 67 54 18 72 90 59 09 28 79 84 79 33 58 03 11 55 03 00 70 87
94 67 32 44 52 64 11 68 87 31 27 37 29 22 39 75 34 07 44 50 52 05 91 65 96 46 78 35 60 69 28 16 91 49 65 88 18 98 15 27 61 42 78 03 93 25 87 58 57 06 24 69 63 17 16 71 11 81 34 01 75 11 55 14 54 41 34 50 11 78 61 28 25 91 22 25 25 15 63 97 48 32 38 08 48 81 72 94 02 33 66 44 22 85 36 59 90 43 54 43
48 03 28 89 40 70 42 58 95 27 93 36 86 74 58 00 98 57 80 50 93 93 16 36 95 69 10 34 92 21 94 95 25 54 74 53 13 32 91 71 73 50 87 08 56 87 67 00 03 48 17 07 45 77 37 62 63 49 36 43 15 17 18 65 86 87 55 28 16 92 57 63 48 44 52 91 45 87 10 37 25 75 50 97 57 33 48 74 30 37 04 65 11 47 45 62 03 86 73 06
38 18 15 19 80 69 12 82 86 18 98 23 14 94 59 16 33 90 26 51 16 59 81 94 81 21 60 85 28 54 94 75 58 55 70 22 73 76 27 54 38 05 41 24 92 29 00 04 30 31 75 38 93 09 92 81 56 89 83 94 73 68 32 35 21 61 37 17 79 39 09 29 73 07 44 83 84 36 81 05 07 29 03 14 93 21 99 46 04 34 85 23 41 68 17 54 94 94 62 12
21 68 11 97 24 28 30 90 18 54 43 19 81 58 93 04 23 57 24 45 34 76 83 89 54 10 60 24 93 02 63 34 49 48 84 36 10 92 69 25 66 36 16 74 71 56 85 79 01 77 45 18 01 20 48 91 22 66 69 57 79 59 76 39 61 62 23 44 27 80 82 29 64 42 58 42 98 15 49 80 45 15 96 37 66 29 29 50 02 63 68 33 43 83 90 12 71 04 98 47
96 07 13 14 60 32 32 87 73 33 99 46 37 77 64 70 16 83 14 97 15 94 86 81 26 05 45 69 73 04 28 47 37 93 65 83 09 34 10 38 88 76 24 58 87 08 45 17 28 95 07 46 43 55 26 79 75 54 93 57 64 59 26 34 52 15 67 65 29 23 64 53 12 19 59 91 76 84 32 02 97 07 23 17 87 54 59 20 34 84 81 05 13 69 42 74 40 76 34 87
55 08 02 13 72 38 57 30 00 65 07 33 63 61 07 43 95 98 19 96 80 69 30 20 82 77 46 90 02 36 27 66 70 33 13 98 88 82 06 39 31 14 96 27 91 25 42 79 23 04 41 72 08 24 87 87 96 33 80 97 44 59 98 93 71 45 71 01 61 46 01 57 53 08 02 98 12 21 89 94 38 92 62 98 19 18 85 09 14 31 54 89 14 06 90 85 62 22 06 64
47 70 67 88 82 27 29 07 55 39 48 16 30 38 88 23 08 98 20 07 66 88 99 17 38 92 17 81 32 54 69 65 37 10 24 17 38 59 09 30 99 58 62 96 50 18 40 56 71 04 24 04 59 99 08 97 99 66 36 02 63 14 20 62 35 03 55 68 48 32 98 92 20 63 97 07 05 11 71 67 29 12 76 25 16 34 55 76 38 26 42 07 32 54 20 56 85 68 29 48
34 45 81 55 35 44 34 40 00 54 48 90 90 39 97 29 51 39 98 04 81 14 01 05 70 45 23 44 36 65 66 81 98 03 04 84 23 19 88 71 12 35 63 63 48 60 30 57 38 59 31 00 76 13 90 39 39 69 91 96 64 71 49 17 34 74 49 68 73 32 01 06 23 98 56 76 73 07 16 05 03 58 12 72 85 56 72 94 54 12 10 82 96 21 99 37 96 66 63 05
08 05 61 30 78 43 20 43 21 93 95 76 44 27 16 44 67 33 64 38 10 47 18 57 12 63 79 92 33 70 46 61 96 92 74 89 73 69 69 02 99 24 98 94 18 52 55 28 07 82 54 98 89 93 82 12 76 33 79 71 33 84 70 30 78 68 34 71 44 45 33 76 99 35 34 64 17 15 53 04 23 14 45 10 93 28 03 65 33 52 48 77 88 82 00 14 41 30 10 16
31 87 18 04 22 39 03 22 57 69 15 92 87 10 26 55 11 74 55 38 23 11 49 51 10 24 74 27 10 36 21 90 78 26 98 12 51 82 00 95 54 21 04 40 02 77 37 13 76 80 11 61 37 14 32 72 27 84 30 95 16 88 96 40 32 08 61 11 78 58 59 03 63 13 15 00 16 63 33 11 34 42 04 09 75 98 26 22 78 68 47 80 48 30 99 32 19 35 93 24
08 02 73 60 70 03 14 16 86 36 87 90 22 00 01 30 45 42 87 33 29 54 61 72 44 56 05 42 93 80 23 81 09 71 73 83 66 28 08 00 67 53 31 13 60 37 06 91 65 34 62 90 03 91 84 42 87 68 95 51 52 87 04 21 71 95 13 74 42 92 50 89 11 69 04 41 83 62 39 82 12 06 52 93 67 18 96 45 06 77 20 51 74 11 35 36 45 61 77 93
75 35 02 57 87 80 35 93 93 23 08 66 12 83 20 89 90 14 10 23 35 43 34 77 24 90 43 66 12 25 87 79 26 48 50 81 74 91 59 42 17 64 54 07 48 00 03 54 08 42 16 27 70 39 55 57 74 30 54 79 98 96 77 69 13 40 28 13 01 85 02 35 18 68 96 37 85 73 69 89 10 99 48 45 82 16 55 16 08 24 08 11 63 09 39 23 69 23 30 46
27 02 26 89 70 40 37 40 22 67 25 38 78 93 09 57 91 18 47 70 22 91 71 85 25 16 62 27 30 93 91 82 73 86 99 27 79 29 79 44 71 37 33 96 01 27 51 86 82 54 75 18 28 41 01 95 42 13 98 84 72 73 03 06 21 34 42 86 74 72 05 73 05 71 50 00 90 19 98 50 30 86 67 05 37 68 04 12 94 45 79 56 63 17 63 71 42 49 11 62
48 08 48 51 76 77 07 69 75 23 99 64 92 56 30 66 07 13 30 57 28 79 64 35 06 51 73 55 18 19 98 18 55 95 94 62 02 48 94 56 43 36 68 36 26 24 25 14 61 64 82 56 24 67 70 66 83 52 59 56 09 92 42 02 68 83 73 86 53 87 36 60 49 54 43 54 91 24 20 68 70 12 52 50 03 86 45 41 57 47 72 60 11 69 64 15 94 21 83 63
69 50 28 14 07 72 43 46 33 10 14 41 79 99 20 87 21 51 24 67 15 54 60 85 45 93 79 73 99 60 38 97 85 97 03 53 63 28 44 00 36 98 20 76 61 35 39 79 40 54 76 81 74 99 75 45 11 68 49 99 78 27 65 45 61 29 85 82 59 36 90 04 20 58 89 38 86 89 71 38 94 99 84 90 71 63 01 62 99 67 87 90 42 45 72 25 94 61 85 72
