1016289470
1484669326
450881748
940169955
1145620963
1591684580
1276747633
1379876019
1542430317
433709005
156731450
1625425643
303437996
2046518176
1065800703
291858219
202914305
1107133085
1786415308
554903336
634827640
892650471
1629128794
1509152563
436272783
1613972255
1904167835
2075842404
495517717
1370756766
612140404
1678870883
681228078
1160027982
1624112775
398955730
995662451
2044509222
1287461933
1352845402
616916278
1743551296
1724556419
1617412433
1892562659
485851800
969896348
1373447173
1802765953
175114851
4187604
1587400360
12684376
782164746
535368516
1227559128
1403708333
401842369
1488693329
1282838985
994461353
1599841992
891802463
1168912145
2049009240
1115712574
2051960739
352239119
619512013
1729164445
754904343
188692985
1014003554
22025686
2067694982
1521780865
1288783644
1375913482
1745645767
2057477924
1171678510
1142115042
962587142
953316111
722313620
1819395211
303560765
1473822126
1740198368
1955081809
400690115
1114652626
458139154
1755287255
2132517627
77385085
875637151
964014577
495208493
1159138381
