110
87
77
99
92
126
131
110
86
93
104
75
101
73
73
95
102
94
96
102
84
84
120
105
93
115
159
110
86
103
97
118
99
103
164
108
96
101
115
101
103
122
147
91
93
78
108
71
82
94
155
104
89
119
95
75
117
86
111
117
102
79
123
89
67
141
112
110
96
146
157
95
96
110
81
115
99
129
143
81
97
91
107
72
114
90
98
74
90
147
101
91
82
149
102
147
90
74
99
74
116
94
91
109
116
88
98
77
91
104
92
120
57
76
79
87
102
96
121
95
99
86
96
82
88
91
98
88
90
83
97
100
112
104
138
68
104
120
87
56
76
97
110
140
69
101
73
109
108
159
113
93
105
91
105
107
75
58
87
107
118
125
113
100
123
85
127
81
121
133
95
98
73
74
110
86
119
74
92
112
83
65
98
114
128
97
100
88
103
81
72
100
84
91
95
129
71
87
120
105
104
89
103
102
76
92
93
88
130
101
115
92
122
95
102
67
67
133
86
91
120
100
122
108
112
136
97
95
90
67
53
136
74
81
107
74
88
104
124
102
115
133
105
121
110
121
98
108
156
108
