70 143 141
191 210 51
103 175 89
134 251 212
247 91 213
246 143 94
59 114 121
34 186 118
57 161 71
44 195 128
62 35 227
109 10 182
173 239 23
121 213 113
250 191 130
190 93 190
154 152 186
161 82 55
35 251 142
226 121 82
131 106 194
63 142 149
15 166 45
47 168 160
213 221 5
253 129 209
156 75 182
144 49 66
107 94 36
43 89 42
148 223 195
71 37 136
244 122 38
159 60 151
151 235 112
105 229 160
252 98 244
228 161 125
60 252 191
4 207 254
73 146 35
180 17 208
208 167 65
84 125 49
98 117 158
199 55 120
49 35 76
97 125 248
171 151 123
9 127 149
103 250 117
52 121 54
68 48 116
82 101 122
95 168 96
132 81 179
208 241 84
163 207 253
152 122 2
134 127 66
207 153 203
191 47 5
113 223 224
113 115 240
160 13 34
23 54 191
20 194 11
12 65 12
80 203 102
224 75 15
170 205 191
157 34 112
128 31 190
0 232 140
5 33 35
101 203 48
11 176 203
84 139 179
31 14 45
215 112 251
254 17 40
223 246 199
23 227 141
190 213 205
84 130 79
168 99 8
115 44 37
98 70 74
86 72 108
25 26 58
240 119 237
19 177 241
255 240 255
14 145 82
9 120 80
62 126 154
179 101 97
199 227 228
54 249 246
153 209 66
