61933064126635193475561801246716
9458503118361221816339595065574119133077061936298869
1713719224026293592875436658481419968643952356256081428
059026882536655810053238070019646039667062081771093557087353971
51485925396744874827254625875214703630427609592447
238186221135543348296762192078249635706640287239531104974635677073
5185961279109916683826824806714961095
4675189049119290290
237030853918461693559228221284598192518571210843771099257289
17465376260885169835025682527679951279745222481925
776025627483290724335984158121947632649746086962
331515461749593480715425031130340715
33527788118038298928265125356525604944892507048975738
0226278548893020862938850320266146051872
19950661531232085413389907
04196006540603705881395144061410822916700762758797194644231278
5505211943072198610377018575588392643611280
90472005878097259053889278700458846881366380967111064
72422463915973869327710050488023666961220252061202792781574241782
183784533399033
3474635767505580301
701144433670685660641609288507680704617638976666945445848112522044
0678664513528085676319827142801219083180925
8240163345795546952779082609221570
249605509902294661653874354
76150903959911441076604222790751308030304440085967800219807337
4825991909170475264216893500314941595
301548027573337463151928117619769
898302506569738463028397318962290753426498801794430469880
1766836772817041099561313
34657276644122674505364500066163642587754213222444334263948
4799576779518671879847967858932102268233573048160367666
327150181608632316295672172925
1023146748670354014875011284947901890
856161061414860368461140864557069831537219556419884911
421281018920
0943903696111136993809575781961888873713200966552442
081916386755841080110042102294457750195
6459837159770268424643515631404155263453936211470391711257089337
1029353846018063914528261996
7340278388467616988077093654943117335076531845361377865222345826999
3573447456156106487675489041791416776440493851730860853161550868
5482893295488972800269497960472620973907449910
8855408594366558901039504327973483862162759582072101
3552410867529450114984976830980580981479887068137300
656414
04434871246900239
76802561168530384576573015209515377468527074687267
32867201694651597154236600877787013687454158738233726203253704047
47197495681683600084691000690922446041334469
854045345203525521818265761185313535491502510053922302112004456657342
98237619194239952189390214945659198538074646997684837620
35563084010227589407913144296547796909808802784028
8261369143047410819544268976802
7369538376848314
55099511050345636674
74614099758444924495811694267059044229640842378974170851593
1448853511906911883262961723775600214275300399211458458241796439
677786768958456799735494601953584237656619726814678458
72002489774332
812116043524699685114140154757167574806
207326498905729325
202364430389
87711
385837
62671265154917139911818860
9952667313849489274772492665
323546404098974558984006658913616929
6290016177384928790936
3010471511115001531676953728208777
4325581597281722321166812060995020486461536297327
508071455812971906143145920138877005863
3431989534361928
78630371788496369439418428296323797552160149740600493
391106213319225948437382365393159204076218498410600985203
9104171819700396780323601087766944488483874120386398056732
98927553253004135167539837971435655539912
299341095050853224281167441291822490566005025268761657676493996811402
508950897277500965065925626703458795218173032449590531137
74725935
979471143355015804063
4413852402706624277
43216269672669381057705735365567837749621450757
03121835674181203572139573004227956879943453251401615776157
50514171955526686769237261829794479613
747467588781467420266274213716973989486507629078496985680641938757861
995965
45903522689897173211985385072341179057506742799684759924041
7119385809208841516140
84621862677295723333059438791139588761
41471520220841501268313587954562584722939
4556689185946533644116102096190859012497129195878569680
306501991838568823238633107539241514
1159882815093
988526712750382345738583958327375915233854724666
9957487767679055687027813334361111650255136051406839622
089676383888203116926
52350115321195146351430463402433866
771259207430695535331238058086055
329327755160979196953292300544639963701130886
