63094 972182808
44829 306787628
9086 7635613
76414 1430050545
50915 375553734
58168 836855040
40937 317504236
22315 73702804
50622 623959496
72066 1279358768
21969 119536700
47541 298286114
37088 338272512
18280 9596799
13334 33990133
51026 647095053
52753 427759222
17954 61270504
54227 726879132
85470 1823616801
24888 55512047
28925 3628674
72579 1237530800
60434 875306064
40978 228502560
73418 1340950920
15314 19178688
72442 1299696837
70649 1227076830
36715 294832264
54713 455335050
52776 485757423
76071 1409348828
60925 715751850
23265 134509550
74787 1377802742
53227 416022262
17707 36710982
48972 492234596
81361 1623961674
58281 708449834
50439 233719874
71576 1265780815
59056 651380284
64098 885599792
73701 1301716850
13574 45185400
16624 62182960
81959 1675357330
87519 1913627090
38688 245277020
56280 790339311
55527 714973676
84654 1788115329
39518 80482056
74255 1371730200
35949 141924510
78513 1510020036
29332 38228155
67030 1090788021
28400 105697975
39798 65130480
54879 628369400
71565 1263342794
45281 426260268
36690 162431000
24441 39269048
54256 630476023
55593 549367106
54576 599022455
44402 60119592
28593 137959262
75699 1430092988
42860 211150899
52264 364651503
76526 1459772269
46129 515206230
51313 621768352
31008 239545916
47681 174009418
32438 228704640
13091 42791358
42761 223754328
51339 501884738
38175 364331396
57109 815244888
69157 1150211356
30461 169897368
69672 1208412140
58977 651019760
86682 1878210920
39966 351031688
22476 117280640
44906 342771000
52744 541821568
62326 942370800
18381 51821208
50196 618117248
48261 489264650
56830 740908200
42590 448337736
7057 10735522
32380 98762139
26011 164893248
30974 234277569
49926 615378425
36100 285935904
53948 376446555
27639 112487840
58610 752136096
15222 43494920
52878 548590496
39017 377703460
19641 5344740
41637 432246780
24171 59931630
71520 1278774000
73229 1339366090
20958 59895216
39899 391864348
43583 474549682
60728 748154640
4168 4003167
48863 544589136
21117 5010480
34638 1211105
34459 187559100
44821 496634920
67245 1130367206
66780 976453344
43794 270155585
71576 1271319168
23535 24379614
64286 888186768
58683 839648466
74801 1396690548
30929 237283438
26141 111863250
35883 321363792
48206 565643040
42258 437761616
52251 629200638
14943 29367720
47631 74759750
25093 64591072
43231 56782500
71081 1238341678
32759 220311618
52466 569469264
25527 130706982
32395 35118456
11762 33238240
38235 122820300
16042 63903477
80093 1574502732
66089 1015525158
23687 3202936
40694 191334325
39741 388418148
27943 124095756
19990 96399384
26355 146601306
42145 214724664
66179 1094241790
56155 754677000
63164 997121323
49040 586392496
53564 596209515
50832 584146287
63974 1019396805
24898 93056440
55407 764437142
66359 1095836950
65866 1061340448
49232 565230295
38805 229986500
91527 2094043412
58146 753769233
51991 609416850
75339 1415877770
60087 811361636
21742 57104416
60530 870028941
56747 743535010
34305 254486750
70097 1223563950
65558 1001394537
27135 45461754
59436 670845483
36824 108478255
68959 1118954680
64754 1033036720
61870 945202464
76702 1470393432
58641 859098050
20822 104690992
31601 249601278
57328 799600647
44646 32965145
64696 1045824588
71321 1213446730
70481 1231314084
51674 632693353
48820 197925396
21302 7230165
46243 438416706
41208 30105216
32244 259585955
55182 457353792
63417 965417022
25055 156636306
67484 1111190580
5109 5453210
72159 1198230218
23705 129108000
58390 838337976
71522 1254058680
57160 533028684
33417 25743492
43476 375793748
63454 990849568
33400 243416064
48152 539076876
64198 994021072
36320 263769975
30553 178559640
11199 30987770
10722 246077
64210 1028731629
31134 204508989
27597 116378390
18477 7848270
46158 512614616
34761 297177770
41941 434033028
65466 994676645
74562 1340900957
62586 978381360
46053 368360
37959 239276414
46349 25777518
57748 555085012
30905 172512016
39352 119168076
41670 107030000
52689 687709970
47503 543553920
29885 24961500
25273 147025326
17150 73311601
53953 538022250
52405 388991256
83971 1744132768
21354 24298488
4903 2138796
50033 607468332
27321 18971504
57643 783598680
25680 93513791
22202 122864965
35539 285675390
28382 100923952
82267 1667099640
30436 204505908
57693 621769050
28968 26346320
80216 1592731564
30877 183416950
11729 32762908
26867 167959162
55002 464646917
31320 91574784
14845 33642714
21424 96213919
52841 694721314
57176 744239628
77772 1457272160
50231 526370598
22542 124273197
37613 214786432
57479 559273630
56445 670430294
44330 99880569
25257 109005092
65619 960265670
29660 146638179
37988 188348875
46700 52426899
45063 354193560
53747 684245562
25235 112586550
44501 54063750
44375 490423296
65570 1069892241
67804 1094333715
47129 517198248
29749 205374510
40169 354841084
63464 975436503
44962 400803832
75202 1411527840
51359 380329578
42609 82413918
60212 865947072
44762 500685432
30255 157514786
49904 570343863
63681 849041708
15588 30298112
19894 90922585
31169 228349108
48197 177671850
41022 333931896
72013 1245923052
5001 5255498
15787 43864612
61382 784284345
36853 213546502
25198 151270977
88015 1936508346
42964 449064795
45433 397371030
44927 428177526
52673 579024912
71262 1230805085
42824 363684048
6582 10809365
34978 133441960
77714 1507497928
77930 1510883701
61465 875986104
58469 589275600
34964 219613248
67049 1030412208
67317 1019077730
53282 538761105
45921 511633368
42840 354347559
75696 1411255868
49809 506609180
68237 1087430772
9881 8865234
48913 593418000
88388 1952575275
43054 462249645
33927 137587562
31355 230405844
44000 421921359
43649 470175748
70207 1231315782
19337 79263222
47419 544031110
62103 929943896
64203 835079882
75961 1420244700
39143 363361080
67041 1113998414
51032 245043756
30112 226508412
46297 535288300
40693 388280232
1548 533027
39988 346601355
70805 1252589646
50450 557126221
18980 65824171
68488 1114236087
66124 1066676244
17660 64784739
60874 892956313
28776 203738444
34161 127224378
64010 963884949
27237 54944342
42152 93572151
36506 273109509
41363 271261870
43147 310326240
77438 1446322600
42572 359042592
55923 571493970
52373 392347270
44087 448650972
49837 228515352
44330 337030825
55396 552410179
60534 877886528
66132 1056138155
39084 181072523
46450 169992225
63111 968683574
51296 581257404
26233 171681972
44704 307900188
40424 392203344
47472 324911447
24003 136343700
12935 26127150
22577 45572976
75622 1419148185
73930 1363040329
46145 44659284
21715 86609250
72536 1302779520
78266 1498570248
49574 605985369
49562 222810000
23288 92575372
4526 4400368
71846 1286893608
46386 233028728
32643 264443942
65585 918660250
62758 921455040
17321 63420448
47070 520348961
74032 1332668631
39649 34419768
4863 4921172
14526 45680888
47155 399810964
51246 501983505
61355 734540250
31908 146390915
49066 499311960
44888 500194975
41997 415348580
53007 371832206
17866 50552025
47387 552711862
22843 88311090
87118 1897011937
16605 47886350
62317 857823330
66617 1038450270
61273 905331076
29601 131023494
25196 78857508
66623 1107904380
37978 293669721
39246 117477965
53635 697523244
82430 1695592689
70226 1178458369
46088 530170311
45138 450085160
66002 1058738952
2560 1593456
66112 1021752207
21802 19550505
85246 1813850493
85810 1840726129
90372 2041765380
41271 425316204
52584 645909039
68675 1178981250
42904 437919343
56112 738265055
44063 160035586
38669 357561834
52514 576730593
76757 1434735400
46266 358272288
44607 335660432
74237 1333100502
52901 686023918
27112 149308236
43365 359513000
47597 296604402
33128 126184167
29745 115049750
60387 662339132
44163 430446602
78027 1517889542
40366 332167248
60546 894458429
19732 25257856
41232 64513287
46318 509589697
64591 1022924440
49455 435475766
55036 434355363
47430 384071909
59721 890298054
15027 50433020
35399 14587494
77760 1502940096
40684 393905364
64551 909653328
74185 1320119866
25642 77590185
68053 1087938180
69500 1206754299
26052 91743092
56417 753877980
44480 114211584
35123 279013620
80356 1609050459
68496 1046587904
30351 227676258
78268 1531180512
51529 649675620
48330 151057589
33090 253782936
65727 914334120
54321 716821568
27795 192565184
24200 146370399
70317 1230496110
79038 1525197245
48581 225352078
37407 61585406
77359 1485751414
20026 9534544
44875 170944416
13985 30623706
27148 151029780
24988 121513875
60516 872210675
78530 1540616625
4475 4288150
74780 1371396819
46262 228758160
26001 68281668
44911 495407778
48751 421018878
71600 1175611791
18653 25353252
37027 306068490
25275 124071476
72167 1244236170
44276 470404075
38638 280563885
52844 625838080
36721 35929290
67618 1086317457
35422 306421885
17292 59628995
55323 741834512
69054 1171890720
70830 1239353489
44967 411466266
56382 675442397
40992 145388540
56855 806950950
27368 172413952
52012 673745632
36116 115870363
67389 1130218508
21518 88611981
26472 174627695
69624 1155339983
36522 317126357
58474 836934640
71094 1231914825
48121 361241898
44894 438952560
50226 610753325
63817 1017991972
40999 342569344
61711 874331208
24757 16302160
57967 726801750
9092 11767827
43152 465160167
40994 135462625
52827 603786572
8861 17940630
42231 410930330
55214 612598008
50516 363534208
63245 958952076
62179 841821618
40203 84179192
25163 132115570
65591 1022597368
62295 958011074
53078 328113705
30566 233560873
39495 279808236
36293 292225630
46304 145715568
65343 1062938870
32391 93619064
41187 396817736
23943 39327806
48628 336768096
53593 716353300
79600 1583655600
61488 844130727
50083 303634482
33642 107648441
24916 26946139
51110 493541125
48122 497119696
52146 385335729
62408 929692927
39944 106539180
45933 234519782
81501 1660131968
69856 1218969180
59460 826552859
50289 500971574
10235 26117250
55018 534228192
58205 638340814
51117 586920330
61506 834718640
39560 389941951
53704 483685068
47205 126245714
8098 15789117
82095 1684824086
71540 1266496875
17352 24036012
75705 1364724504
73859 1277158414
50071 621894370
41656 38511660
63474 830559905
42865 152979544
49918 619679200
28469 125136984
22407 88399856
58683 857181332
81431 1649286750
21540 7374816
38733 336639920
24451 142911810
84559 1787538828
70214 1229163520
37338 99175880
51370 292920121
23254 131353365
48038 575209336
83276 1724949600
37767 11797380
72305 1303314936
41955 257332700
54346 726586440
36238 50342577
51327 625293476
22780 120022644
62815 983733250
10372 23596740
47085 145582866
56298 792288917
73337 1319813340
47595 120034256
42060 442159776
22272 115876592
16192 64138620
48089 569218798
14966 55563640
27690 183081536
42389 305386774
54511 742758918
37783 355751350
88235 1944188494
63593 1007607850
52756 695139540
46965 260469500
46441 468807910
56612 700026036
51329 587492028
64681 997848384
46998 390073712
55118 419132880
19406 4126065
74660 1392952819
29469 186849990
54084 390239675
63380 953062075
77216 1463828080
35349 256743810
43498 249426792
35275 176648976
12975 16225346
14511 42666158
68275 1073064850
57720 774835200
8187 7396202
26022 115923096
11689 33965898
75974 1430252985
35217 240378516
24639 112801274
22677 124022552
84697 1788162796
40188 329929187
58996 686068515
17905 79760994
48522 136395896
21317 77236692
26460 76785156
66776 990436044
74811 1323889778
67391 1113787464
83473 1728754902
22938 110156585
51392 660188316
66529 957210780
48831 197016134
31286 216358473
66173 1086280362
76100 1413568299
46245 348532200
6256 9602908
40871 169247820
47423 377043960
53972 696850587
44479 343046950
41422 50448496
56160 496964924
44228 483970995
43514 466575813
74072 1371569196
30448 211869655
40299 148608458
81181 1615942440
28917 146218820
31677 199241042
50783 254527510
25168 135842031
63027 917175600
57471 765550154
38322 310247072
73830 1341914504
45619 100043790
23372 136561971
53125 498047976
32687 33769092
38750 28686225
74067 1369082270
15551 59522344
34706 231086448
63749 876755550
53722 455366725
68704 1165551423
18668 10823331
49704 507161804
54952 678996780
23701 122017378
67061 980114374
42105 315189846
58152 710552007
48368 536993295
39068 309870132
44751 498790208
49658 551370480
38739 34092038
20093 91138392
41901 187811888
45184 290113500
42492 426021147
82345 1684841746
56013 784041986
12828 38201600
63453 969938046
69630 1135083600
9221 4179154
7310 8137800
67860 1119197979
57938 805644112
67847 1105705912
32007 212360402
45018 102725477
51665 497237334
13265 43088506
59888 805058236
37595 64498986
77817 1493054966
58765 794781186
71213 1248887290
47470 546605761
54038 556155765
54360 684228944
27175 181735254
72410 1250568904
82890 1717642656
47426 403218600
70193 1181828890
13772 34941972
56323 792923776
54888 748610640
64952 996076240
21576 103036535
36967 21820200
27097 65045970
59907 805521962
25426 161288593
11024 5382144
9012 7105347
42040 16820944
64314 996948000
41284 65320128
59914 863967193
54332 734102772
56042 636897112
46858 121627800
28489 157350030
39446 362607960
29028 7080372
25992 168763520
40002 392333825
37210 110523525
57275 623279536
27729 71938304
56605 580107874
36981 322841000
56463 562391786
2785 1555276
73369 1343982310
54082 724965681
13056 36020160
34269 265219488
53315 689503686
19997 99762522
63464 867160140
62414 939957873
19737 71351786
9899 2981868
17387 45977902
51546 279891504
6568 3117295
59004 862279668
49519 214491508
67835 1000224036
33950 248081725
39918 394089192
20885 52427706
31271 144918354
21459 27315900
51664 311215324
37396 321120960
15541 38163588
68248 1163892351
62433 831511980
19605 22464026
57978 630141120
41422 425640397
46969 510708808
40322 67390525
75054 1394295608
29394 199688288
43738 245690661
57933 658195970
40419 371036780
64852 1006649227
34782 6641280
61110 927074889
9417 12438692
11671 9177904
33409 276388308
49844 397573683
89586 2006260749
49856 511784284
60298 837914160
24501 120049830
17349 67692698
66091 985471708
54412 626039947
46116 510722435
59283 622186340
55444 444761235
33168 266291120
37422 275848832
49213 396518362
52948 631450452
78576 1524615743
57430 784684629
77939 1517896878
48199 465062094
72343 1293704682
44196 389438468
17440 4534464
15835 30950484
65366 1015194648
33141 240610058
56347 686447580
52442 665120616
51964 282231924
50019 344124788
66700 999268116
39380 257690496
25715 164990976
64927 1047317550
55693 774489570
26659 99468078
9606 3558920
30701 183487788
15761 52458150
42764 407529715
61006 919661485
38744 146296960
28809 201146778
32946 200614808
8056 9475180
57786 804346088
46477 199865190
65352 921141527
28527 197089470
50875 229538484
17290 73230496
59070 762883704
36819 331245098
76886 1476334080
60459 913534838
41453 188018496
6876 11401235
56161 729585828
35757 305850680
18209 58837800
78422 1487545897
58295 846878950
38346 341604128
42189 363319598
30930 38887121
41008 340776240
58543 640039260
50585 614645514
54490 721669344
22576 127365120
31717 161327502
55662 631546880
15001 44741658
55856 745738983
44481 491974784
81101 1643790258
40819 88557480
57809 807258088
55818 746706656
28542 64704497
80827 1632734740
83598 1743019245
39736 341666199
36198 194517576
77164 1479072000
86033 1850190310
65480 934947391
37270 309058464
58826 803203408
47166 324418160
62610 940287821
16980 71602619
21173 112071630
56288 698923632
27596 189784179
14516 11616100
52129 315941128
25487 8276982
83706 1750211928
29146 138136873
28066 194320093
66949 1108876510
17623 74450950
48310 304139656
39441 388124600
40249 386164240
32441 184914814
45048 418970576
20133 101331972
47425 561975186
33725 157702644
67781 1140314734
72553 1314086946
29546 118421448
32075 157091376
26253 85358702
48355 166533036
63598 837015592
39953 43681500
25624 164137935
31619 168715134
47407 552750606
38889 90972500
84090 1761320261
35361 268808774
47615 495605650
38608 96187287
58524 844513460
76992 1440943607
72594 1283413313
70110 1111304061
40476 58276595
83727 1752514412
76600 1441235775
43723 472742730
62757 943771772
37746 141831248
77404 1496955555
43282 204010317
30897 235025222
28841 205045500
42632 402156780
56999 714834208
10557 2020590
85236 1816169315
50330 598136041
8526 11650253
77202 1478565432
59813 636812292
47098 57443785
34007 203232456
59849 732415570
55962 777595640
71840 1187000479
42001 258135948
35742 310203857
21870 31777325
55901 768194740
43926 403216760
54425 694923900
40841 346545978
25929 103781918
44412 442369307
26542 37138920
57799 795786648
37407 107629506
68418 1130325920
39058 191272897
36176 227355663
43056 128674575
70725 1183961600
38110 349388221
53600 483139111
46451 263415468
73937 1331082802
42781 302438920
87029 1892558158
56845 804531564
53950 578517681
27668 103563915
63989 914016660
44353 427548912
53268 615163520
41142 264557205
52976 409887744
38234 193535145
40345 82263414
22411 88772940
49466 539844805
53584 715986063
72808 1268369452
42135 427091000
42287 157384212
44795 369225450
49165 355180434
30846 198304829
34739 286664524
38522 370597992
49190 492023400
71239 1204628724
42046 431501304
64068 977275107
44086 28490080
57600 815860775
62921 906925758
36819 18123680
47115 554708300
46623 398596842
35932 30401355
35183 307342392
42310 394389925
44693 472518120
35770 318310725
53252 578573152
66660 1073201579
61411 934187070
63936 940376000
64688 900401152
28269 156757050
46530 540095984
23877 24816132
73786 1357630128
60903 922460450
39886 397699533
56033 571516000
85528 1821641472
59394 844884584
35274 142193744
61999 856346788
73186 1337868253
79004 1560380779
44586 162636624
66470 1097221125
64065 1024878744
22315 81397146
33132 262926692
82902 1717099637
49486 209892685
61421 940397440
48200 231718144
27072 175203072
55086 426429773
89657 2009352840
60904 919144704
42990 440930189
23578 138943657
62883 826043670
57946 836187525
54032 628479495
74345 1310485176
42872 60821007
33944 267163884
17240 74162271
55705 774697764
59061 808298190
55151 741524830
51184 654778239
33917 265589932
77587 1485509586
49523 147629682
15469 51046084
68887 1096910386
80158 1603490385
86239 1857087540
65968 1010222400
34293 85474422
61342 805732317
47475 561719900
25028 156002667
31531 12483130
54385 703987894
60502 873996432
48388 505265035
49026 360761153
77963 1492188750
43494 42908840
8794 3084648
57503 808903596
53583 576804470
21875 118669486
28938 48036560
41934 434153520
57971 719126208
32803 219918160
76213 1445508150
12091 1365378
22768 37972272
5202 2442960
23827 975226
34586 289830553
45636 438341795
31358 243366141
27986 192205440
58915 589772050
56547 758565092
31023 372132
25455 90696564
38039 207248910
28115 10758076
75261 1415881058
26053 168209830
44736 475127024
30792 122931692
25978 3874200
58387 838366186
10669 21180384
52482 491243777
47734 305668680
55555 771480276
47028 103637780
37145 95345154
32843 95649990
51748 469043227
47986 507914688
70422 1234647992
48688 567379711
23130 1315161
60008 684150016
62661 981464438
24615 77040800
27290 79435801
20977 102087222
23240 82098775
77990 1504012549
7232 10813440
50325 576442976
79460 1549399236
24966 133395593
52787 674248672
41252 351884100
75019 1406070510
34754 293020029
53358 548031425
49594 601924008
47904 552233615
25564 117180315
52315 649728550
56619 491614988
51446 501093145
54973 519532000
16983 23308362
59844 791102403
52839 364251888
31853 24115752
67599 1070741510
52713 503437680
31164 84592640
53500 592729611
28747 186826140
87822 1927537520
39329 361416804
79981 1575215388
74943 1399501556
35469 314119988
53514 703234953
68288 1164747712
36427 286027222
65732 901924755
39354 304756088
23566 69998880
53938 717605037
23536 132429303
36843 44113356
73628 1350351072
59471 632263704
53084 704340864
73243 1320345222
49787 319097436
61137 906189282
17823 3942176
40008 301237100
16881 63649260
41567 117547780
46270 364612381
84370 1775926125
59843 679661622
54979 455465008
47526 563904008
61278 927897885
56925 763880706
24125 115795956
50109 546952814
36271 297452304
36442 331289125
63897 976437590
23497 113766702
49435 450514584
90493 2046202300
68328 1102890572
6653 1259310
39460 387847264
19951 69111918
26808 124209407
82191 1664618958
25683 142479162
69273 1161401976
27662 187954977
17780 21727200
16143 51961320
78050 1485862525
18437 11630082
57411 782564324
50433 516483470
45651 514483088
67602 1139133032
44400 429557975
76951 1435547770
39801 311288670
17194 70606920
32819 210909730
72566 1304732313
45810 338562144
69473 1197836172
70241 1169185248
79813 1592428570
46292 124864416
29996 93929088
28555 163429200
30177 87749420
10287 13556720
61777 935751060
42837 458108136
31702 192655176
25090 152381800
28356 180340475
38096 76641415
82792 1712066316
25807 143436306
38419 207702190
32808 269089535
81396 1656191780
39735 362597000
46717 177612850
39654 281046533
55788 772808211
68968 1070967615
42002 84209901
49231 442837170
44751 17036928
57052 798475840
91971 2114621478
30466 152727453
20679 78629454
83435 1725299286
34823 202729870
63367 988645870
51344 636602940
54781 745981458
20526 97303280
32653 171345796
63178 952545097
65330 1023495009
69602 1191723192
63194 908462085
34203 281053796
50347 461557582
28177 188023842
63386 882233224
45914 522188248
5332 5745667
55532 434925195
19065 3474104
77877 1480440402
27870 166653216
41616 342018495
73668 1332478080
45253 365197392
48018 359017056
25570 136551256
50971 630269328
46269 313567434
6974 3456669
60963 902097440
38431 354146100
67872 1029902940
26457 72204030
47638 415389832
33618 162135752
9659 20566810
72876 1282246308
57270 660496841
21565 97318050
27785 92149750
39440 311050716
55408 757335516
23407 135107322
40624 120098940
41349 244062728
37807 310440360
23206 116371080
39924 352675620
47649 564503918
11103 23548040
48442 341609125
50229 619208690
37809 311024448
50884 606078964
58463 732013170
78554 1538938504
68060 1125012891
54981 643865238
47842 153152400
46164 77724500
14318 44875656
66431 1103254920
10832 19054620
48347 225880680
59775 765222116
62270 919925136
81713 1655920140
61494 712785008
63055 903609714
32384 3710935
15297 58484790
76345 1457130444
47124 273565883
50991 366418080
50273 606457150
56931 799983800
50539 636753370
47733 543226190
38508 50914827
84645 1788600296
73709 1326540378
64314 885574053
58328 798655687
69453 1205924972
60395 909685266
43977 450356840
27380 186669604
41513 412595122
60597 785875572
20982 109991385
75104 1395384055
34292 285116832
39209 60606364
18793 75545742
39609 127033280
61979 933594354
19588 93743860
48076 494997243
76577 1456234230
25826 24730680
49872 616559996
32912 17703655
45262 310124365
68834 1157552253
41404 44216779
56538 792119160
57123 551875502
52449 422799948
64465 1019963676
40832 287649831
36326 168096169
34026 150154965
74095 1367298316
70096 1205942079
50351 217217290
62878 880956765
19909 96524064
63951 1022304794
77775 1463663726
24866 127529088
60763 922664052
30856 237908940
46407 393404690
40463 152977482
60128 828188892
49172 234986112
56560 779679039
46243 386482692
34838 71224917
77869 1511957050
52200 422257536
45861 458625218
61362 923473136
60567 858437750
31842 62983037
38567 346396302
56169 587595834
31222 141288921
56699 677007870
56867 741084450
37297 320240790
26705 176553450
43818 444554165
22737 106169180
72731 1280076000
13992 21768647
13398 22645376
63531 971169120
71153 1178087112
34135 19989244
34238 8159520
84453 1780051442
68520 1071596151
59549 857474140
46953 126312120
40304 61592383
78459 1531155614
55957 752032800
70608 1239179292
27007 143025342
30997 240118530
20200 86225271
59985 714413214
63344 967915095
77414 1487440624
45762 495205832
53512 711187647
67083 1063511730
47657 434267832
57545 794500356
12921 37541708
41779 187347030
19347 77652512
18048 74142576
62910 930618801
20713 89955652
32666 245854560
32287 197067780
29693 215905062
67913 1042531236
50795 629108916
21236 56266699
36319 311954820
8329 15690550
55810 629775816
47999 476644878
68265 1040649300
76604 1462101475
18770 36683664
46129 190996470
4223 555832
65833 1038371166
47125 554594650
21715 112156464
51224 650414380
55168 514072956
63861 1018363274
58600 605457351
71463 1231870190
45467 132436392
58017 774179252
49242 593894592
61069 932071068
22334 92257473
46921 512677038
13993 27006472
86299 1856140930
61946 869152713
60774 923119769
49811 234691798
44883 193913720
58299 803514530
24701 150629070
60557 780890256
44194 191163240
26946 99546813
27012 172888640
68645 1081021356
60376 902718720
58593 756285012
62391 787068698
34036 285945099
28012 186195072
56629 801516870
17705 36757806
46487 265579390
39941 74262630
40625 374904196
55232 624134095
44871 350989668
73614 1265830349
45075 160582500
33633 102470060
73197 1331054696
53708 392077716
59250 671545889
20593 105365856
18206 19455240
41612 290493147
58544 821613888
26214 134375760
50300 559573819
20452 72772755
22705 49571326
40509 363875480
62276 754776708
51027 537228450
28813 62718052
72437 1310796670
76193 1438104630
46594 400663809
54749 725485368
61121 933186390
21234 109261089
44943 163550306
29761 169120224
85066 1797332313
29378 191006145
64129 913009990
77036 1469551315
40560 198847775
78733 1549330072
26312 126649740
46427 333675282
58189 795588840
57338 669043065
7939 12861828
49986 624452024
21411 94172810
54652 663207232
66905 967619814
48057 175266056
47810 569972800
80297 1582984546
60642 858912416
37432 271185420
40063 204125352
30550 85265401
38138 362036640
20427 52813430
58054 742846533
77758 1494864897
78379 1535614860
59637 856954340
60797 924008040
11127 10190840
43481 401103118
50671 397231038
19754 18256104
68769 1157458568
61283 870169132
26013 160732922
60034 900989313
47747 521384010
60035 857628796
45787 512826102
59776 774460743
29142 187603200
45219 463875728
18070 27152064
77937 1517374350
74482 1328338977
19232 12972400
2896 2096508
29104 206850048
56105 775817196
73647 1355956812
22894 118030573
70787 1171005360
57862 829820361
48340 185268171
60220 862069824
31183 164745820
78273 1504641230
34979 91333354
31832 111804240
53285 665606956
76859 1464961890
31310 145378800
37399 349019244
38075 355782900
46993 382682272
42821 435956128
31060 181350675
35198 104605117
49211 286504608
45742 119153037
52834 613438545
16155 64008350
64504 1022685648
32286 67830993
57195 646612866
42216 442718540
22774 128228565
32821 256620228
17422 52610545
53042 682742760
78173 1526899782
83906 1758765984
34684 267980788
68360 1167591775
43622 463560552
34535 183065844
60455 879707026
30704 180047223
28192 20287767
32462 175517232
77846 1490527120
27380 134737536
46916 142803168
77984 1508147055
53108 618513280
37105 134278624
45513 509948136
71553 1232506520
47483 515335470
60230 870733000
24214 29723349
30821 236837898
39673 56966052
14053 36227452
76733 1470926392
35356 249975220
41287 298610950
42668 159780960
32729 166965138
73973 1285618330
57116 806667040
51432 605212556
61953 785949752
46206 510516209
33314 64091200
86611 1874826840
22180 113334651
21096 94359983
64091 1026885000
57142 807892041
46930 381918081
47247 401882246
17358 7871672
45182 91332381
68888 1163921536
40129 37525818
49449 585712478
46131 80730998
48762 226867577
28302 164812592
55841 635326230
46784 547158439
70567 1181921466
47126 252246133
49737 317957402
46625 466883904
66641 1094411340
12029 32311020
41279 347462778
54201 731393820
70712 1132562815
40472 386857132
43734 399009080
51326 644195133
66182 1065983737
5063 6041862
26999 29132998
57041 519656460
66797 1031178222
31234 64491453
51308 450537252
35805 305811450
27660 102513659
42450 306140400
58358 669892312
52023 669949470
35554 111388704
44315 358877250
66412 952698411
3860 99684
25670 126048825
34252 292230720
13576 46050700
52337 638421102
62946 980380008
32558 13656525
44848 343798455
72758 1301068200
64458 1025480672
24513 136260360
58342 832645957
49890 614480081
65572 930969792
39410 131037504
49326 502502913
57645 565421274
58131 732877470
47851 569675610
17472 15727040
41880 436677264
75458 1421509032
63015 983490074
58826 676694040
46381 416524134
50743 387920970
73384 1291498455
33364 222084115
73325 1332294984
42050 438745501
12997 40294230
59105 853149726
43030 461142249
50572 503286240
60006 805623833
49914 619068824
59424 837926343
77045 1427304694
51528 660346380
9468 5204852
50855 483854976
27732 192135635
33471 5594904
28231 152482258
57673 821377200
44894 328861368
60239 901565010
47750 216763600
58604 682355028
65803 970138102
56366 766138464
50093 600167430
63124 933370068
50201 608212188
21376 93082543
51295 510426796
68263 1049600952
53405 709973244
57059 697540638
56015 578196096
47699 293620318
15863 44935332
68617 1127024622
60528 821139471
17371 48100698
9367 21120666
42084 223844148
42137 419758860
35207 233486872
42158 243535341
58981 669877230
38754 182146913
35226 166721328
52028 673495392
60283 899916330
50370 459727281
15439 35438370
32612 43040452
25547 20992450
48458 403523232
51974 623311225
35846 42611065
49238 161939536
66995 1091760964
49739 617865558
17331 56137928
74129 1370169060
54524 715800948
85034 1798532560
80976 1612258940
72312 1265447180
58517 565851562
19178 47606640
76686 1462645133
36367 191670940
45428 69786912
17929 69880854
3117 2428866
15634 46128589
56090 713982736
53627 716449972
17041 9436164
60617 901103500
25733 135026722
56951 618213580
51014 642603808
36493 191836000
53896 688409095
59440 881079111
64783 1035919602
38726 110863269
19442 38352792
73692 1356997280
36733 222120300
35434 248847864
82299 1682302068
32790 181167704
70405 1205790264
37144 328043520
63938 1021753792
56867 806508120
44603 188282922
59817 846278402
63605 1010923596
35177 309076020
50552 618036951
33653 224447842
46734 397518093
48307 108347742
54199 368330344
45569 405145788
70751 1242248130
44494 17987088
55658 748575672
43739 55705338
64466 949928193
44155 62417166
32046 190232504
35586 294321888
17485 68772250
36446 292601640
54760 663879756
50113 519366382
44215 69085846
6320 1394839
51806 639884784
23009 79202130
2825 990150
23141 100623948
40203 317645390
31591 247550400
85128 1808769996
38901 278811350
55918 624479160
75855 1420876250
41735 289489914
46794 165998709
33594 282057413
33100 3036736
70378 1217988712
31259 214986114
51124 237622963
30251 224870244
75806 1428046648
59297 853201746
47444 177906595
35523 135736640
58453 683219602
45815 98103876
49665 616637556
43659 115508070
38561 356367360
37765 242689236
40664 93838848
21267 78255422
68661 1178022978
10806 20347733
61956 830813984
76528 1405320135
62818 974519056
72186 1266824549
79907 1576670550
31298 20101152
51577 324773370
28525 198209100
45720 371830316
20132 84628960
20851 66978828
43101 161542238
63736 936127855
58124 831248128
49543 543662352
40004 366067780
47867 206951166
17262 14354136
41825 275902926
48094 522442368
9384 15764864
33874 286244173
35750 303730896
59339 728780058
31669 181134084
38257 362800152
61903 910612780
55066 655205925
36650 67435701
45225 61397424
30200 217330176
61547 788638662
19404 66112955
19956 88893728
28325 175800900
52239 631170110
61652 884470176
51954 550660365
73743 1333328940
28150 198090000
38396 352120179
19308 73370507
54809 711373300
58024 607055020
31048 30947527
51795 350968226
28269 176411700
63849 944342550
69651 1170402794
48803 279393696
59558 756851640
41915 262473076
46764 545400020
47153 543723546
81759 1658434988
78282 1506997877
47733 466435016
60284 704850180
46172 249007195
41704 418427695
34789 293655420
28845 150392816
26342 166957432
25955 152887966
32333 219733870
59432 792847647
21184 65882439
60187 790131480
69032 1188641647
36761 335481948
41672 402621900
26870 88952601
62566 778233753
80667 1599034130
78255 1493891424
49771 480696354
49184 599798023
81652 1647384672
18369 83472380
30977 57980976
9109 19309464
51110 642881925
41318 397978857
3789 1128938
15015 52231500
43567 457525866
51909 626129514
54325 696488650
42801 417931488
14780 3317856
53987 510067602
18069 67884048
64861 989540448
40137 288927800
49961 521681808
61465 746113416
23546 137532304
64469 1025860668
6078 4311560
68125 1159782624
67060 1110960291
59532 636785387
8452 17666355
26172 37817795
22321 123415068
35411 166772074
41880 360178799
51360 390010175
78418 1502900520
32490 205209104
48657 367160822
32839 138897924
57688 773499727
45957 427079300
59548 886400475
20415 26197664
31916 201060723
41882 151053456
32736 122949824
42284 356258539
26920 20439916
30137 170275932
33807 285558980
26311 158547270
61839 862670898
46209 533817050
32723 234319176
46315 307337776
44851 465025180
33165 243725616
58435 750609354
53594 709996560
70280 1215923191
24989 141085278
47725 173667564
12333 9172710
66648 1087973951
40359 403230200
17548 59326272
26879 179243058
23680 139779831
52148 442447012
40399 59917494
59632 831582927
17899 69501780
72511 1276373868
11136 22211399
41989 314734728
83834 1738173240
60796 884386195
26758 156101416
50885 634771500
17175 11973416
45726 519091553
25867 96874932
22528 36075855
64720 882278319
70598 1232233032
34507 234393282
73878 1363196952
42309 424487268
87053 1887258100
46121 325907208
39484 317428548
53711 451814898
61847 925042696
20796 96126035
28452 161751200
66780 1100626371
67113 1087975962
13785 42414764
68358 1128008441
10996 11522379
54288 542054711
51174 544129344
48590 230272296
22031 94098060
55917 628574220
44024 463807440
59947 886649232
51344 593975095
47476 151849123
56734 607929960
85831 1839467584
51417 497483532
36716 286236288
18211 81604824
30759 211653864
56190 779731421
33173 88611990
18050 71666241
59547 867656070
31595 23404524
9489 15887378
45616 432276735
43548 455228051
56082 786267405
51659 666885868
59736 888251903
26375 151627036
87557 1916461272
51559 663778908
48472 128353071
24954 128207448
49916 408718539
15902 2175432
80805 1617986534
18002 29809665
34420 150595744
58161 692670950
45428 318719947
46073 530264952
38386 348390349
67898 1151662245
45162 56126357
60801 672856938
23618 102874177
28034 166871808
13591 32911014
49065 340649474
27076 149707008
32581 142492080
47636 289241499
63589 939816900
53241 708573458
65376 998113244
42252 332266835
62679 977291204
72221 1290126090
72871 1307747610
70367 1219410166
54578 562709421
59416 816044928
27166 183410040
43124 290890980
47378 537090072
64346 1010895529
22270 123793744
51086 535199265
22813 127928190
18686 70152049
35443 253593162
59184 870350364
23658 103997205
22531 99928660
31475 244106250
29766 138165048
11990 35431656
91507 2093280042
41144 233153388
84776 1793574144
59877 689601276
43082 256769865
47130 505437381
49839 194951240
60234 760115048
18978 88608312
76144 1426360320
54446 737324248
22442 91277616
45094 381939673
50156 617051835
25361 63565620
59115 871297250
59751 738127598
5720 4235404
25323 38575460
73431 1335286610
41559 243178598
73262 1277621992
28784 53369664
38407 47271582
56344 757613568
84414 1776006608
61272 932284460
25138 44109520
49745 616283496
29700 176790731
66161 1094173174
64717 1013380302
53135 344813056
61663 946946650
70726 1242907600
42655 193538866
31186 204776013
59674 875454853
40023 21476576
65890 1039296081
65511 926742590
21666 70855128
47097 517983782
81092 1643619315
73305 1312096136
59448 725863040
51113 641787900
20525 100397164
59050 833421904
59647 830972190
41540 373997124
57307 816437040
49132 570091515
35612 147897600
66330 1064526624
83029 1707257110
50633 596322810
51237 618515786
43521 403922054
65940 1059342779
28308 162697491
46861 372164824
30902 161943232
64062 876754305
41830 318365481
64921 1052110290
58230 711190736
49113 274741650
59556 867104384
59709 786975588
49909 391337338
47261 314712820
44036 478053108
28157 189273030
32655 66605234
32284 153006523
41672 317606871
46778 237953760
34998 305950805
46729 377640048
49337 428129700
59084 677205475
62991 980787528
85368 1820829740
59552 788936487
70183 1208770050
54102 717836240
41332 275202580
62925 931771154
55894 686731288
62534 870709689
18706 22643905
44064 335591424
29923 218155872
61707 712540206
55872 768894071
60321 725470148
80895 1629752756
78083 1503358392
53686 612032760
82227 1687238102
75593 1359461130
48214 554117848
77369 1489284000
68643 1080637272
57171 610130654
58659 842667660
40071 377514050
46526 299924145
22101 77270438
69076 1171713444
23358 111678257
45167 351795810
55417 761692140
42109 443224110
72527 1310687950
69119 1143685998
51327 502752492
66236 975625860
32405 34435500
53634 341548865
73431 1347998184
68514 1105149149
69090 1187644925
89476 2001202419
44098 189595560
31488 194583536
74946 1349124800
13023 38571740
20492 103578660
30634 223884864
75093 1348751372
24400 84887991
51499 654559918
53596 641919904
44391 150778610
10473 13719830
4727 4513872
44662 405067936
46240 473397639
12400 38032956
56170 630661749
52712 670205487
26401 164763720
26716 170313664
41535 2488500
22299 77751198
21672 53210727
47673 147005726
63658 1010050677
18270 47280029
66485 1102041424
47150 516605544
50460 504164864
65425 1066453824
15345 56699000
49838 288623661
13715 37112254
16374 8642088
60673 748915860
74290 1352627761
60256 820311280
35367 312673952
26807 130239942
50762 303977136
46470 42575225
22853 55404672
44036 289072224
32220 227473856
62243 910399512
70992 1228661991
46531 362833968
52437 516231770
20226 102018753
66761 1005566730
28143 195946452
14924 48380640
38776 373629519
50757 483146352
25908 94086720
66750 1111860000
39216 52833143
45395 11735100
5195 1939950
53501 666048768
47136 496437500
13946 32171593
43876 363748563
53307 433835532
2911 1849638
38519 335353080
39143 182920150
34860 228861251
28394 180679048
45975 524467046
42523 125689092
76159 1423272870
83571 1743586604
65814 998009705
23499 6202944
59110 747137944
32496 263543228
58116 817721120
40173 266542380
34102 163858905
74089 1333637674
68878 1099573320
68839 1175746924
70185 1196478584
14734 17718573
19450 55250184
46037 475157922
73225 1321747900
13266 8128568
48883 551031250
33848 248893900
84971 1795614288
52441 658650864
61148 706366707
52005 578624256
72492 1298027492
30642 222144737
1212 118235
34130 289614000
50100 376216596
44360 117181519
19191 65976848
34669 79204390
6114 8274024
43097 367108392
27680 144896700
25547 163028712
72435 1250921894
47387 399418140
32219 251350684
74391 1383504164
55460 752808576
62912 989289840
59170 722131600
50702 642575232
43114 458078773
11926 24988368
36704 292600000
14739 12234848
36009 171330614
30238 138220125
37265 297008250
51696 625725983
22157 118312656
33482 279572181
26386 171702093
48150 566803541
56667 654714830
50166 613419800
57275 781312194
73104 1320160508
4985 5921496
48549 116471558
21093 20417292
75488 1415579511
44555 490667736
63178 975643125
23687 139570432
73443 1295506556
25402 65784325
78533 1538392840
77993 1477410870
41011 314086620
71110 1207787961
42355 170147334
53545 524126236
57868 589523187
45904 478129728
47058 547973216
36481 307540534
72842 1325032392
20895 83904656
19535 95354104
71287 1270074072
19112 90008400
56949 600474644
61254 827742128
24866 153736765
86297 1854899802
19953 50102622
46720 457798975
34434 295709373
37981 358150584
44549 16083340
43342 396170200
29844 17001803
29702 75686905
58506 792264920
48347 561428370
21429 83770040
39669 132762510
39352 348356992
80406 1615553600
52760 465927175
40739 173937478
2385 1326884
59974 898919865
54738 422175761
53062 481406905
50174 606327168
63592 849873367
15585 12413606
52520 558645351
63850 1013055225
30490 228137536
49005 550437084
24420 74986436
39533 307056060
49459 442587168
69398 1197260601
68386 1165173240
66943 1120247982
54094 451948368
21517 114206482
27961 56721318
54714 649939520
58400 839629551
51250 618941025
56070 726409136
61895 851276314
23822 60889920
83578 1745128057
68418 1037061000
78647 1523235210
38472 204335312
21196 110755104
12922 40229160
67660 1020925675
45513 517186712
25657 161833042
63181 977759160
33936 197833943
53448 490161087
64632 977672960
33319 6096840
46599 353790450
47926 419173065
49265 472791006
37908 305172800
55781 756990520
28555 168747306
59080 838470951
35595 239231786
36009 311936508
43761 365770010
34789 296882790
75891 1436138000
7365 9064286
39520 384925696
51264 590739824
31521 236590700
34392 218947295
28693 62959806
79970 1598778616
55039 403412724
44919 297083540
42826 456951568
25064 101100624
39583 163497130
30610 87106125
41802 343478232
64313 1000069080
56689 623247174
15052 27003540
46652 540768000
30629 231320854
33902 284833677
56493 541592690
9325 14898066
75092 1408529227
29634 143400413
61570 825680016
37504 351250620
62273 960022932
68050 1156798125
34680 234057356
71202 1210925912
52707 493760570
33776 8215095
34357 281554782
50284 396344139
53004 596183588
38806 317739513
20593 68911540
16067 34872760
36898 57991185
22191 69798218
68300 1165318099
25846 31979529
59173 637353226
30802 231246957
58813 850540650
34814 271239153
38868 208238067
73591 1351822240
68449 1153562818
56938 654958120
25266 151892064
53674 705754153
90625 2052672834
42077 31076400
58886 673847013
43196 372267168
61623 857409200
50262 253770192
36507 308075130
47826 423527885
64415 884936376
67733 1006695016
80779 1627472070
90850 2063386944
12604 31981243
21871 53577660
55365 477371804
64056 1021804775
69330 1089387009
33564 281016155
53108 334821867
76604 1466992128
45592 86476647
16553 48666790
58911 863719928
24111 86835528
18341 63960414
13090 40437624
73060 1326861891
42579 452491988
35176 305974188
71389 1272748248
82853 1704666192
47215 458679364
49617 603131040
21876 115887875
73852 1363425147
81826 1672343400
45059 416919408
15818 7629360
37300 224323731
49869 531830448
60127 870168232
70239 1147251600
28756 191329108
56665 620763946
8792 10456332
75194 1374396873
79050 1553469944
44183 475541682
31656 111780743
44687 14065290
46646 48988825
66949 1055183010
56599 779697100
63631 989961798
10576 995695
55236 661650899
45054 506235848
38776 327938919
79294 1566826608
59303 840579012
26211 167768118
88733 1965311560
66177 1057265802
44683 317742130
34891 97891678
55585 529764550
42616 154325520
33877 230715270
48376 394784908
34927 82233132
67835 1147426354
67915 1151402250
33975 288198774
26898 105463745
76715 1467247650
32073 255154352
35940 56023331
57556 701565780
71276 1255390483
23209 46820664
56234 782448888
81516 1661172128
46230 533834000
68875 1121901400
36695 69586134
68092 1134409332
36251 225155694
45060 462388724
29185 206985016
52174 572288353
21632 116925340
73763 1339144800
20301 17682768
58003 591209946
84435 1768534650
70637 1247349136
50509 564113298
72055 1290271804
45961 197609160
50128 434882880
12222 35749152
47957 278663880
74597 1328396250
43961 276746058
22208 53208432
40821 347357790
88839 1971510674
53775 381482694
30083 220945216
40878 387590657
67675 1067914344
32858 105354457
30500 166903891
52161 522978498
53942 717379600
42892 392592480
49497 374634746
30671 209070570
45345 390976514
68905 1104082836
61512 831098880
16921 42565678
55957 771409212
57353 660835680
34102 30301557
60487 755972286
37636 246849675
60542 912922032
45582 391875245
54768 749233820
26824 175233408
66096 981436775
62183 951824202
57961 833626878
51929 566649468
39060 271946531
48235 256554876
41389 340268550
7302 7849520
79466 1571132280
51683 451119442
25180 157630131
27477 66787490
21794 118040688
66788 1115144352
60302 846055080
7583 3156322
78433 1501867842
61383 829300562
46685 48674406
46532 450619227
76654 1451268493
38437 196336180
81366 1638033065
79302 1563546437
14654 46518600
25881 136715060
76930 1477511325
53059 679946260
76172 1449802075
51688 316162311
54339 578500598
10977 27255690
58866 724310433
78233 1490693566
87300 1904207364
51576 298260143
49613 574626136
69456 1205405135
69597 1186802946
63116 795260139
44808 456807692
35254 80066160
38276 355445523
32479 116839080
9639 22792640
40801 256827648
50446 608846829
46528 528152700
42459 222243560
51980 672098179
11252 24415776
63451 1006507344
36918 283762377
57178 809658021
51803 357225892
41477 428154672
53149 531765994
56383 784071042
21199 84550144
66733 1051583016
46019 390020034
63111 973598438
36544 333145183
42720 121176575
32815 160931626
54308 686217216
39263 382015710
46266 448329200
15983 63816766
23749 64799580
65247 1005946070
67105 1040715750
71022 1246697325
18584 71457100
66322 929871021
34195 291089074
44011 73632598
31403 246310050
39400 312938439
29204 101197348
55234 762306813
43540 302741844
45106 197256493
34201 270454444
88134 1941749945
85724 1830276160
58969 851004498
31960 206946636
47466 528610293
16438 48455061
54293 732177882
51369 586496960
45578 519291432
58402 851822305
70914 1256096349
30219 219895688
21556 61316448
52388 678743547
76385 1425633300
36562 250600512
69752 1216058700
45088 45895932
64236 977572820
28541 44521560
26006 161690485
49902 371520065
60847 849855846
6472 1489687
25514 121267449
30547 227082192
58135 822881226
16762 66600697
87953 1932462396
21442 70929885
19093 30006720
14358 26307512
38586 324816624
29009 123172938
49812 590671700
53967 648266112
33477 32162130
24169 109656148
57291 757003914
38067 214493630
47020 437136099
42804 336693348
53633 590676450
56548 799035915
18056 78456268
47677 271900642
65009 1039431888
16405 67241206
51114 590560505
46609 525748330
50634 632661848
53193 696808062
51678 665755037
41748 154591587
26839 178422748
58733 861610750
67958 1154514841
40145 176598364
58859 841260198
45413 480045660
53892 585047540
51619 665303100
17059 24275964
34764 38688563
55061 727826748
38373 228586626
18382 68950881
64996 933109723
34731 298689260
22835 33523866
65860 1068184275
24501 67109978
37280 14131551
42013 419084232
67609 1135814164
25759 165086748
50727 351426992
30985 75908646
37001 230533030
24351 69041700
48090 204126425
75253 1391934222
61293 724541510
25878 121245696
27786 42241608
44237 303573792
39053 362461620
32512 24998512
82360 1678026175
36870 322335000
28339 199940248
77187 1489206740
50169 432797900
71292 1160681120
45708 513773075
72835 1305317404
42382 420553560
30907 238463152
11985 10230500
19680 28713591
48764 489849483
52934 547831353
67571 1140751888
24433 149074362
27247 182711452
51923 453877750
77555 1502988066
52712 634638220
62568 941795180
67076 1064175648
42124 435694875
48867 586482116
57579 781768850
57032 788936172
37917 196594362
69230 1119450349
48269 399751284
34047 284617100
33521 25314204
45658 480535365
44492 88660491
64396 954573235
24743 122974272
82758 1711894457
36457 147658056
20315 103005474
10912 26244807
81814 1672697065
21582 47655245
86969 1886409460
56225 579758046
72521 1314014760
35713 218042952
7593 8235702
42516 312827715
45397 143445660
12290 8547000
60187 897521872
39825 199231586
48898 267786376
38238 358224545
35579 316027404
35125 275269566
61043 885979210
37985 184741566
54352 560819415
52159 618948814
50158 618620016
56529 716934204
44024 482935500
32378 117025785
65703 946360850
33017 76768500
40636 173500224
40707 413734250
29270 141149109
58213 821599920
48964 455895840
43900 233708499
31592 192042055
51625 360437524
66841 969246564
8228 311220
18318 33491480
57555 819661850
66867 1002075116
52571 621580254
17745 36021566
13886 13971048
70110 1131080481
23831 66523858
61294 935704209
17575 43318650
69346 1193126704
66393 1079402342
17189 59353140
15144 54283175
71515 1259619714
27937 100124730
29343 30415292
43750 297209400
81930 1661444000
9535 20961486
46270 534490344
47539 499936840
53886 681676145
44819 232487184
9496 18503404
45885 147491546
79293 1567462220
18798 61993512
49177 273372532
28315 103717416
36052 57287076
19247 70872846
46351 195944430
44290 406110264
36063 314653586
17875 79792176
27194 184817893
40144 256692903
48070 262902661
80905 1610917404
29643 43650306
51216 557779463
54388 659124480
34666 294112693
49121 136938918
42271 380213490
34014 276177053
36046 199992600
36477 300861476
40991 154130964
60777 917480462
69156 1192197059
24084 71770400
69902 1175019072
12499 38887740
71754 1273208904
48951 516776130
38125 23548116
36102 203382245
50273 621587626
42450 440048336
50895 641628974
48858 249065432
40320 346316591
46416 427898780
11950 31436400
34916 232174323
33158 274686000
49239 605515274
81096 1642301568
49345 445186524
8889 15354074
9465 16610126
56553 799399250
63587 809200842
63039 950988038
26509 9516780
37109 251118018
34253 54938842
35009 274907364
33183 275228366
76537 1458896686
41963 322706902
47187 326448486
51487 659225280
81500 1659927291
52251 655214994
13513 31153236
31142 241947672
50519 632652978
19980 30060899
57423 550629752
90867 2064190266
30958 96031117
59183 626253816
57811 541559760
38635 224484364
37325 348288600
44439 57627374
28366 75448545
24157 136941090
32147 222805996
35799 122835020
59771 782567370
26650 90394729
23593 17419290
46644 21747483
75591 1416246320
34479 293834970
19920 92268911
83782 1743793605
40563 390082532
17267 74335272
61404 942059268
26588 161923332
14217 50144510
20038 1298245
73620 1327129371
46994 268691784
66394 1017032409
74665 1392134250
39289 382267824
47065 124273656
62145 965285424
50691 604823600
45139 168739938
9953 16042390
43939 370394310
81916 1666153635
35725 75818094
49281 304481234
29389 19662240
54802 660203440
46188 531600980
52676 605160963
23064 90541799
64129 1014460654
37749 273154410
36718 232543152
20453 53480250
28646 136009104
24782 115096881
39275 53426104
14807 52864392
55161 669338174
57174 812819160
54928 736106652
16043 5630556
33259 3877614
9126 11439000
48456 208382220
81983 1678653132
55309 541253920
20258 41569297
73800 1308626159
31073 239512776
80071 1598056104
69152 1169571312
73051 1327255608
67198 1063864705
22551 1708100
41564 415391680
52627 471476650
22579 77035710
27488 10701735
53885 659842050
69445 1105401850
7584 14347935
60119 882939234
50081 626583750
34991 267770230
76680 1409536071
20763 51518042
78068 1499545056
22053 119394782
12519 38940750
61774 951816369
73458 1343798216
67257 1085198690
57495 822448700
49517 491840280
78414 1528433168
47136 341852399
18755 44687154
43381 353978148
65001 1044238130
51803 667558902
62735 875166444
58913 867624136
70965 1253168334
48175 532563150
6545 6578200
79255 1560682200
18562 63707265
19275 92591424
34745 299573214
36857 329928180
9206 11056120
63930 975412361
43848 331602095
43094 411884565
43762 462343245
78306 1518357368
29284 212323195
58145 741078436
17063 12530086
19689 87832998
37855 356099634
36840 331439591
48410 461581824
72846 1324020240
65445 953180514
36961 78748570
21592 94940415
46012 430333227
43805 37858086
29713 78545740
53707 663509952
49946 476222565
44120 339724959
72260 1274784939
59966 765231064
52300 318286339
23284 91380139
40302 312244205
52266 631625120
38840 118730775
20849 106454568
43819 180511248
16773 40132862
48510 451742429
40988 312715872
9543 22090706
26739 162247748
49575 156738314
13653 45381182
15421 40836900
61608 929039391
78456 1519519959
14581 49675030
67216 1093916439
53991 544136864
52486 478995688
81175 1623574656
10299 20037780
56377 651226830
57777 727371176
43712 420091815
15437 48761010
60598 722337280
40442 161613216
51004 577659328
15519 31141568
27205 158221500
34388 255552075
11110 28989336
66379 1070956480
39779 197050020
41757 281816780
50584 594620895
40920 344134700
81546 1648442448
47667 453877182
65724 1001056644
3322 2732025
36018 321324257
83702 1751360277
15705 40478750
41998 330140272
44181 465222978
71760 1284868511
45938 478700880
39562 284124057
72585 1316515914
44067 388620000
61178 785305752
37449 321138288
51988 556507147
71959 1289782914
50660 302459844
62367 933964472
78986 1552401648
2394 1085888
69398 1199171797
68572 1031481792
50169 607809128
43149 463783320
63352 885385932
36003 308289132
76914 1478881800
41259 344944850
19970 94215261
62475 950223326
41536 425959855
50039 311072610
30490 231940800
58298 628071205
56172 672938171
62883 902588666
60222 745763096
34057 266558730
37161 241999220
36253 155476510
37310 75956989
64354 840617304
72513 1290440420
12667 39752622
32459 260104260
30706 228670893
30705 188151336
33621 20751968
54527 743291626
16691 32893464
8158 5945341
50804 307767963
66852 1114721451
46135 532108296
10596 20735540
52225 613047336
62052 783989451
37884 346267764
50604 632512763
57923 696789342
83544 1743772140
67254 1130648393
31150 213797400
69383 1091193166
69745 1209793666
55264 645218295
18991 58021290
22521 99367454
49283 531261012
49588 518133195
50944 535953408
56107 459768852
62676 979264619
81974 1652852553
34885 51128616
24183 132332472
13829 9920130
63884 908946660
32236 251730003
74625 1391962046
39728 394501212
83000 1707840384
50385 608830250
30359 109164088
38281 364580518
38687 60154872
60700 886759456
14798 54742497
47881 467088438
45381 486359208
49219 241562010
18717 970580
41564 384557124
36657 288385992
47803 389072200
50284 409812064
38085 343646426
35309 159664800
60290 876333544
21891 108028778
20117 96175962
58424 851464044
44868 96657131
29126 108611385
42891 292504688
41111 397021030
56912 620873887
78343 1533061972
55345 756800226
70792 1252859655
54554 696341893
52095 471356984
47559 333618318
28962 170611857
35120 261129216
38355 301035776
63383 1004025702
17713 24069090
72209 1252576738
54866 422965464
45558 499890677
33492 274891907
43029 462210300
19843 90396102
68786 1175205549
52044 571075083
12095 35902314
31070 169408864
53380 519646176
47465 323121036
32959 208601760
68108 1132904640
48416 542335164
32893 220537806
51681 324796598
32996 238485979
37988 94984227
65588 956112660
35850 108933296
45995 322172500
29849 220734228
41894 80128965
34123 217881090
53089 703403778
9131 13855698
51304 401032143
84789 1792965150
32384 180639964
65140 947190619
22487 81934062
28448 107649276
30620 231620544
67682 1008580560
61109 933404830
58195 844983594
77486 1483050928
36788 328156755
49977 622930626
61986 954155025
40256 365269788
78314 1533212085
82075 1682115006
23303 116207790
56311 670309020
61308 712532675
54676 443352148
40168 319827456
49662 601125800
50576 529903920
39589 99395130
17906 70780365
30413 99320932
29240 14511175
51803 670887196
32333 85673952
44285 471675396
20880 107922375
45354 321091925
40945 401788524
47392 530397487
85040 1800404391
57262 819459585
66540 1060448675
22317 48830822
23556 44767035
58990 610970376
61109 801476928
66270 1094813000
11043 24976206
47841 165300908
29065 206173716
50923 609306690
46434 382854080
52838 697752880
17007 28000520
50437 609794170
60425 881887116
39366 62628005
44241 297646340
62805 875415044
49375 191495076
61807 938294122
58284 597906848
35806 318700305
54059 730552050
15709 60923164
81341 1623745998
38360 367094476
43122 186420752
58596 856362080
37368 340067840
21180 111111776
55479 745415930
78792 1548312192
30716 117058164
20777 107299200
47404 427966180
46408 418742016
81425 1638423864
81713 1665511302
50556 334788803
52022 281437237
75653 1414372680
76424 1400218380
27604 154949760
68471 1109430150
21569 95076384
61230 692324424
64625 866954866
75030 1360343061
34850 140966109
64916 1051726164
27488 157279407
35300 104565504
55710 749768481
36667 6640270
39036 361025028
82959 1702997010
36854 336303520
35622 309074985
31905 174710564
56056 699969280
28170 106936256
71710 1268606625
56453 581276940
69612 1163266272
61345 885886746
76967 1480089580
50377 505104030
44232 240645287
77864 1512270720
7956 2893268
46895 412180626
42539 167136420
45955 202650174
32083 257302332
11125 30826146
71812 1287767040
38132 328513300
35063 76419880
50396 585883188
63353 875721952
35170 70406109
43532 61140787
39823 392300110
5784 121023
85140 1801971299
54096 643347068
47783 504422016
45930 248668200
77369 1452221478
83812 1749962436
63888 959921852
44843 476278356
31880 253506000
53817 570220560
4542 3916445
34834 191246145
46285 115140786
41461 330999724
67306 1018269688
45980 185882979
33427 236602176
23873 127078332
33575 215193750
38795 375480666
70719 1241098184
2368 1375935
43377 207318852
41982 62280680
58781 650100948
44376 31689900
15045 55876514
76741 1433550870
43475 160413684
30030 198097325
52847 501991296
48085 250667064
42306 196733853
30518 154479177
66649 1039297140
48732 353110835
24042 124046912
39003 49850640
55768 658205527
34160 291720624
34913 152762136
77500 1479132804
20814 90209133
5903 2333202
33818 171723685
33791 241640140
77476 1465538868
79187 1556539686
15843 52805600
59568 856990460
25092 91937835
42498 131217392
34244 132684660
28439 63955374
80458 1616298841
55196 697537555
24484 125115939
49434 530576793
56139 483376880
45800 508807500
69555 1209103016
44156 487401984
65420 1062681075
48327 579275852
50561 513652480
63546 906622793
9409 16384314
28509 177642800
16028 39383940
47099 344082378
55993 493868256
53256 671436695
64181 832327434
87787 1925410570
27140 163387764
32780 245678419
54743 641672482
42884 181470240
54803 664640262
23527 70967622
50352 632686076
24462 41041800
71434 1237979925
66335 1094262900
44651 498127098
78736 1549180080
47046 531950153
28136 169457068
49458 479778957
23882 128726752
26889 63628074
19131 24299784
29787 37359200
31598 49187752
28053 80415692
30622 234319137
82254 1682543768
25839 5305824
71835 1243588500
53428 453170475
43504 278128279
59138 677625136
61492 854857395
88283 1944958272
39596 391946163
72560 1316090944
58482 602257880
11582 27345537
25541 21416164
39572 190158075
85200 1803604400
47556 61480580
22574 70000593
56213 776028852
87842 1924418832
39820 105091476
21368 39964087
86776 1878258448
45861 493391888
33650 220148136
77886 1501159473
68701 1119576180
28024 155542375
59335 738443436
10617 19074866
68020 1142826816
70325 1183657500
41218 424651920
55088 476364732
44579 84995668
41288 220194832
51280 657215119
66929 1008306354
71808 1274786127
45253 249307860
49262 586570936
36680 300643024
45581 448266100
39937 187692736
52139 419006238
57058 549093312
72895 1325313850
13566 25041848
481 57084
70322 1182435000
44409 492495914
48347 508572372
32612 89713107
63466 1006450389
46857 548885106
55068 599285547
25585 103282926
80488 1600657036
51169 377094334
40006 1478853
25496 73718575
57042 811504205
37134 243751088
44794 497270040
85923 1840365926
28130 37599261
42530 450574600
31276 208174083
45530 267877896
32013 219744560
41284 397007715
46458 538948040
63761 958705038
55650 728924264
73575 1351533924
48049 313130350
32223 222400926
42557 441848232
39683 345500700
66288 1053527472
43552 115697820
55507 621136030
37060 239382091
56505 769404434
58398 844964001
51034 268562808
47224 557198215
45059 503459500
57160 746407519
58787 812403900
24684 145302464
62711 861274740
53094 551553080
60744 905119488
89602 2007080760
69518 1206319392
74487 1313710502
71097 1263575790
41430 428914089
78361 1513530910
50746 439756473
16773 301590
77415 1486100924
35876 197649963
31438 246236877
5979 3303608
64645 987143496
41514 107248928
53135 664106916
45165 326840750
54259 464897080
53349 550936694
78888 1532102495
30079 216115458
33068 10349632
24543 120268170
57242 738718680
83031 1722321234
69186 1195786400
51214 575866353
47520 390719744
51691 295982214
34550 59321256
81305 1628128206
39892 113313492
67588 1136231155
24533 149798716
30261 167065940
49983 595786482
75727 1410934642
55246 523616400
51842 468664705
49128 568426527
51879 478575878
19252 89437851
47698 161138701
79905 1594513556
68660 1175786656
40945 165151224
25179 119987280
44931 49111010
34232 192857431
23405 120992476
46434 218583288
33319 269527210
50874 304235744
55053 652676450
68488 1139324007
88745 1968918450
41590 365306776
43450 465350149
82157 1687127880
51075 352164186
28533 183179390
74378 1363635312
48351 520046150
33169 103710630
73056 1331744375
31062 171939632
44244 467620659
54409 570811710
74583 1384826162
32093 238493640
61637 916872510
34234 220520520
68440 1141512639
50952 536284652
12492 28919187
45124 208402923
50514 635285165
52222 676992600
68057 1132208556
22738 5533032
13262 42054705
25328 159579447
58365 689221514
75015 1384849274
38475 161986356
43784 472231863
76096 1445300215
45596 371980468
39136 184040220
47788 516606336
25677 69832820
42599 453513858
62480 972119484
58706 860278408
11903 34518802
16837 6719052
51721 668614528
42035 385056994
45753 514973480
5876 4860480
52421 686810110
81157 1620864112
48215 340037244
52393 660129180
14931 41221400
50231 624861550
79043 1521772380
75568 1415106135
56940 759232331
68493 1111881320
82697 1707200472
62700 979208699
80652 1610409492
46815 297147996
30707 159053670
67815 1013354550
36941 338699178
42221 419074030
37095 343899200
73813 1357571992
56838 801349497
52861 612443650
34305 46916906
42904 97247703
66024 1086989868
75992 1395421312
28078 174043920
34511 124211178
72432 1311418880
72436 1309661275
50630 311172576
36883 155278492
56457 484000556
29978 57511080
65347 1045123170
10086 23361128
41318 409145880
46709 124423828
34864 276876208
29203 145199040
73307 1331225562
65050 992556901
47097 389216546
80982 1637084360
52518 673156872
37814 249169000
69309 1114769564
75171 1411941348
40222 167907921
34337 58443636
42084 203352035
36052 219319947
62696 897596479
59661 708646748
83677 1732883026
66130 1077286224
52429 298893280
73904 1298652375
43548 61935872
27612 112883780
40458 228013920
22565 44275374
43095 358770500
74929 1335814704
54080 645395479
