100
3 5
1 3
1 3
55879125543382420893008047424861
1 8
4 1
4 0
3315347606198179502081214814611634784955390483463243
1 6
1 5
1 1
7232371871688421255211567347674151451436121480329370597
2 0
3 3
2 0
387145215820529275238310316196354397424824274266452206751748063
4 1
1 7
1 0
22979741933261605485836263388377169399944844920968
2 7
3 6
4 1
301767464727719876108681465163637496957154355892309781263184820556
4 9
2 6
1 8
4859457752247320009182719358032627857
2 1
4 2
2 9
5039218130346666722
1 0
4 7
2 9
028802716847195135712191767365251086323008505464267223491434
2 9
3 9
1 3
88193982356243473704269311081150709508326357255493
1 1
1 7
3 2
828859201326352298421867086384568395104553234110
2 6
3 3
4 8
742050202231220077186167320595868063
3 0
1 1
1 1
10901246426854531019851988025314736591668410773054810
3 1
4 6
1 1
7962117930135151438629589068155335967957
4 4
4 3
4 1
00467727162798816538864788
1 5
1 1
1 5
20338747609034042323781836498293777591831423432414818520326589
4 9
1 3
4 9
3083427761730523153831227358344551430306664
2 0
2 7
1 7
74064343467524408572272035188347765137542592179992525
3 5
1 1
4 0
99698994429186510778122599727209713779931618500053943629125353140
4 7
3 2
3 5
290392220186602
1 6
4 0
2 2
0928166303223407165
3 3
2 2
4 2
063336758441492152337032464848797513420064480928332828280823706372
2 6
4 7
3 8
4531710020415630000780156426414072546057237
3 8
1 5
3 9
4952555030643151134184726524405792
2 8
4 5
3 4
187710991694781812770437621
2 6
4 1
1 8
34881276211133864544798819419800995394936662143344799836273256
4 6
2 2
1 9
1403769696998159072851208036752115238
1 0
3 7
4 7
442213348197160017090509029338202
2 2
2 3
2 3
650527963637227952945759741846871305203250169961673936731
1 3
2 4
3 2
0028152596695787930725538
1 3
4 4
2 4
80165599889460018234508759345820393873472628161055610007212
1 9
1 6
3 1
0376125424860848760683028541196466895027904433832553292
4 8
4 2
2 0
104092510461225127110057016277
3 0
1 8
2 3
6845293224838938759259730076198073559
3 6
4 4
1 2
241519280629576233076705799334875315010901013068376405
4 9
1 9
2 4
642523934187
4 6
4 6
1 8
5710754873042281560074434199887533392576112175036536
1 6
3 4
2 6
864004897889597337889450683543188613468
3 9
2 1
1 8
9078254923134456000251272142326378414371013583326246125769896719
1 5
2 1
1 0
0566727784781941726067917535
4 6
2 2
3 7
3874824410272965835794281143332075294211003737939151906561272542042
4 9
3 6
4 7
9190734545675565133181361222340081805011110686828175732084797686
4 5
2 9
2 4
8075776407595150912780723655834851105789770563
2 4
4 7
2 9
2760994360655012028267950648232219540286446094160538
3 2
3 1
1 4
4797723052854861279105698648468305738907039736609557
3 9
4 1
2 2
722682
4 6
2 4
3 1
29547999028362577
2 3
4 1
3 6
21421294252927163719401133380067590951908165725005
4 4
1 9
1 4
69572782452307062801662487133198425003975347603682179330980823264
4 6
1 6
3 5
36625709446997159172039831556207377817978792
4 8
1 9
3 4
723932937457834892984341349511229683849624769538438815500738863061987
4 6
2 5
1 2
66466886923116008454772840008816035942869702601020159369
1 7
1 9
4 8
51984157731075360170371522315738820530416618592252
3 8
1 3
2 8
3916691021714747762931339823975
1 6
1 1
3 7
0253081298085993
2 9
1 1
3 6
80354042426498813446
4 8
2 9
3 1
67780700477990748108364426749574179982788113000885725188328
2 9
4 0
4 3
9551135392334664332841584689288143465694939158929041979610263084
3 6
3 3
2 0
183340325177822313413153832430643609280156484068729685
3 9
2 5
3 8
93855877817067
4 8
2 1
1 1
729399722370440119956576722518959202982
4 9
1 8
1 0
594901770389585784
1 2
1 1
4 9
821647059245
3 8
4 5
4 7
55407
4 2
3 1
2 9
492320
3 2
2 1
1 8
21738983777723266426001216
1 1
4 5
4 2
3825721524317977666227763727
3 6
1 7
4 2
984023746704111170293972074857884340
1 5
2 9
2 8
0541431829803073021021
4 8
2 4
4 5
7663889046363436702960370989850591
2 8
1 4
1 0
7231993356607408930070767745264203528228483376833
3 8
3 8
3 8
169662279629336053052202503212436387301
4 9
1 8
2 1
0910136658139345
4 0
4 0
3 1
33995915472324426813087070304162012371878697217412742
2 9
1 1
1 2
735721657232840164372691580685701429244994864004431207769
3 9
2 1
1 0
6639040676894084204754775925678120314031100388492163865927
4 8
4 8
2 1
37093462948811820080956970303111999608730
4 8
2 9
2 9
871125439998165191002991792483013218713766611426952864165550731182243
1 9
1 9
1 3
821404925114354806220302868469317263874328777118279114865
2 6
3 9
4 0
06300068
4 5
3 2
3 0
488382479748688317835
3 3
2 5
3 6
6342677898650793319
1 1
2 6
2 2
65064927795012739710143293881128056552194008080
4 7
2 8
4 8
41993290520237138340567824528152803356890022968568777942608
2 7
1 9
2 8
81826392004143459446342790106843741171
4 6
2 8
2 0
134711824897603716545983100533421361130841015459861046065225219498636
2 3
3 4
4 8
217854
4 3
3 1
3 3
74694886546788280065160092335906886508072389856423918246215
2 4
3 3
4 6
8070402324534205673861
3 9
3 6
4 2
20150919312014902451566592540980869625
4 5
4 5
3 1
60394392701777090789444374685181063978207
4 4
3 4
3 7
5079340279288997320254735122082432194863285378553227143
3 5
4 4
2 1
224047733019097296319756460320338272
4 7
2 7
2 0
9925500342418
3 1
1 3
4 1
002790236406826293144769420192551537309088341798
3 1
2 3
1 6
1098328220813722892350677076033866371938640479053790266
4 8
2 9
1 5
248850134459689047188
2 1
3 5
4 2
40416964574237751245305600023877989
3 7
3 8
1 5
190587184317950600686111745749917
2 9
4 7
1 1
554598566482432657487534784996280021437253012
