100
224.36 167.97 023.43
016.64 132.89 212.47
071.43 318.06 115.90
030.60 275.26 205.11
107.59 024.96 149.12
218.24 041.30 194.10
242.04 263.37 082.66
265.47 326.50 351.83
236.86 043.81 159.40
170.51 214.48 242.96
130.29 313.11 042.83
299.30 182.42 346.89
218.23 171.28 028.50
008.75 089.76 112.37
006.69 120.49 045.83
143.78 010.95 244.90
302.71 288.10 265.93
312.85 227.30 037.02
337.95 316.16 086.78
013.53 121.91 321.54
183.64 193.09 177.95
118.39 306.96 128.58
312.52 326.24 109.65
300.11 024.95 357.32
285.94 143.55 133.77
255.52 234.88 100.51
196.45 275.17 052.77
057.92 321.35 201.21
001.01 246.42 042.75
327.09 166.05 124.89
127.81 217.47 143.93
271.98 068.30 049.67
164.52 076.18 020.87
051.68 318.90 101.81
255.97 173.37 028.73
131.68 278.81 164.02
116.89 085.42 214.96
121.00 126.76 088.41
248.59 082.81 250.55
036.91 023.20 124.30
247.43 073.42 242.70
312.78 058.01 009.62
004.92 000.55 214.29
155.01 220.20 063.10
162.80 225.17 294.28
041.32 343.52 056.99
288.07 072.35 138.17
186.46 045.73 195.39
099.23 310.35 228.36
097.39 194.10 334.20
202.01 297.88 229.31
146.96 027.15 163.20
155.30 336.40 140.46
227.47 075.10 129.77
230.93 000.64 248.44
070.43 208.44 044.06
198.25 324.13 326.34
189.32 026.93 087.22
288.76 248.54 037.98
024.70 268.82 332.41
131.45 236.98 105.66
236.93 202.04 102.41
296.29 120.60 154.69
266.11 232.44 310.90
004.69 126.21 013.26
232.16 008.37 164.84
331.17 096.61 034.86
143.92 341.49 106.07
040.92 294.96 245.58
353.94 187.97 176.81
142.71 155.40 284.19
337.38 297.70 128.25
244.51 292.45 289.39
237.85 017.24 148.97
109.13 006.43 088.73
250.41 329.21 330.51
005.76 308.09 037.66
009.68 350.74 325.12
339.06 085.93 145.19
218.58 050.11 184.59
025.28 320.75 134.35
156.42 085.93 011.57
302.06 164.92 310.47
002.36 329.40 343.72
068.89 334.61 225.31
185.95 239.70 297.98
114.71 161.01 009.69
327.89 213.93 003.39
010.15 036.17 026.84
284.34 359.72 296.71
009.48 179.03 281.07
353.54 076.80 220.38
082.45 200.16 216.38
204.98 205.07 196.69
252.57 207.76 133.10
285.11 148.13 268.73
285.89 273.37 061.65
338.78 040.23 205.43
055.10 230.84 045.72
136.98 349.38 058.68
