379.389
189.6945 66.729 -151.4819
189.6945 -83.8349 43.3842
7938.154
3969.077 -2472.9277 263.6909
-3969.077 969.0135 -3361.0507
5601.875
2800.9375 2103.6264 -1147.5461
-486.7596 2800.9375 -2498.7612
11534.966
5767.483 -3353.2644 -4804.5378
-2744.937 -5767.483 -1044.8718
1268.8
634.4 -404.0471 -356.4148
-264.6723 593.7347 634.4
4355.37
2177.685 -1447.885 -2116.7684
2042.9883 1651.7686 -2177.685
11268.896
-5634.448 -4409.9103 -3229.7177
5634.448 -3758.6438 -1677.7713
5257.955
-2628.9775 -378.6915 2583.8462
-2628.9775 -138.9222 1128.4176
11254.443
-5627.2215 -4743.0634 1985.322
4138.171 5627.2215 -592.5063
9001.897
-4500.9485 -1351.2674 3671.1569
-1457.0851 -4500.9485 -260.7168
1875.352
-937.676 -504.5259 389.3782
-481.7004 -432.7561 937.676
11274.847
-5637.4235 -3445.8446 3763.6554
2840.8458 -2498.308 -5637.4235
4394.29
-1853.7736 2197.145 193.9665
2197.145 2089.6427 627.1697
1636.041
-359.8826 818.0205 -118.5659
-818.0205 688.538 -461.4837
3290.038
1355.8014 1645.019 1241.9049
-560.1618 1645.019 -450.0216
12377.594
-1790.1343 6188.797 4677.9504
4125.15 -6188.797 -4345.6448
9055.501
-2821.8778 4527.7505 1091.672
837.6877 1261.453 4527.7505
10289.545
353.2696 5144.7725 -1224.7237
2616.1701 -3294.0288 -5144.7725
367.9
74.4479 -183.95 84.528
183.95 132.5165 36.2458
8594.332
-4038.1242 -4297.166 4199.1588
-4297.166 -3067.3639 -397.6371
8965.161
-531.267 -4482.5805 -1197.0259
2434.9706 4482.5805 -530.561
6527.426
2332.1401 -3263.713 1366.7611
-2512.3017 -3263.713 -355.9598
9166.567
-644.4813 -4583.2835 -108.2992
-18.7917 3147.6252 4583.2835
9133.01
1016.3297 -4566.505 -1767.1525
-1184.4529 -1032.5944 -4566.505
10019.839
-3408.8584 270.3244 5009.9195
5009.9195 464.247 4104.0018
6087.924
85.1289 964.5661 3043.962
-3043.962 -2662.6344 -2684.5416
1885.546
26.6734 701.7708 942.773
-597.4456 942.773 253.1074
5808.164
1357.9361 2246.0799 2904.082
411.6323 -2904.082 -1985.6376
9881.134
-4734.7739 -482.8301 4940.567
-3089.1241 2540.499 4940.567
7633.355
84.1342 2970.0388 3816.6775
3162.9224 1270.4888 -3816.6775
9388.169
-3388.0857 594.3097 -4694.0845
4694.0845 -1292.117 -1005.5807
4568.24
1227.0255 -171.1949 -2284.12
-2284.12 -1156.2575 47.8892
11821.417
4367.5838 -1930.238 -5910.7085
-3522.9309 5910.7085 -4958.6553
11821.417
4367.5838 -1930.238 -5910.7085
-3522.9309 5910.7085 -4958.6553
8470.946
-4034.0066 1433.6997 -4235.473
-320.144 -1235.5313 4235.473
10465.217
-575.1395 -2575.5884 -5232.6085
2199.9422 3873.4458 -5232.6085
10
5 4 -4
-4 4 5
200
1 1 -100
-35 -100 -100
30
-15.0 15.0 15
15 -15.0 -15
2
1 1 1
1 1 1
