250
8 80.04 -30
12 -89.00 73.718
2 12.2 110.9
6 -29.1 -107.8
13 8.109 -158.2
8 -47.01 136.773
6 4.0 147
8 -41 15.8
12 82.33 -75.6
9 73.8 1.911
15 -72.4 128.46
2 6.7 -89.5
13 -1.39 -158.124
15 81.54 171
10 -4.5 110
5 -60.2 19
4 -67.8782 -130.148
3 -44.5 32.47
7 21 -156.041
6 -52.98 -94.946
10 13.8 -63.95
3 -25.662 -48.3
12 23.8 69
16 20 -155
6 18.03 -125.8
13 4.016 -131.0
4 -74.1 108.6
0 -74.8 156.35
16 23.96 -125.9
5 -48.66 31.9
14 -33.26 156
5 17 -26.52
12 -8 174.2
3 56.00 50.073
7 65 26
16 1.90 7.2
3 20 -61
13 10.5 8.3892
0 -45.114 -44.9
7 -82.51 96.20
0 -25.34 29.261
10 -85.84 -166
7 -20.5 -101.84
14 29.8 84.0
0 -63.7 -86
14 -50.0 145.34
14 -55.78 -136
15 89 -81.128
7 -61 176
10 -59.8 -19.07
9 15.55 -10.723
7 12.20 -80
4 11.2 -66.37
12 3.21 135.1
15 -20 83.5
7 -37.1 -118.67
14 45.461 35.0
11 -48.4 29.3832
1 37.68 122
3 47 71.25
9 -64 -82.425
14 -22.24 -6.70
16 -34.7406 95
16 -43.05 -89
8 -57.72 122.0601
3 -81.2 73
8 -77.18 48.139
7 -33.95 -111.8
4 88.4 9.412
10 -58.31 93.7
14 -55.8 -24.1
14 -19.8687 28.0
15 -24.1 -50
6 33.58 106.25
7 69.9 -173.5
10 -52.92 125.420
15 -15.7 -7.44
2 86.4 149.41
3 -74.5 -123.1
8 -26.2 -80.24
3 22 -102.4575
8 -84.3 67.09
8 5 169.300
11 -37 -158.80
3 70.9 -38.20
3 -12.765 74.97
1 78 155.57
1 -56.3 -163.6
6 43 -167.2
6 -77 -5.8
13 14 -134.0
5 -80.2 4.9
11 -51.5 -84.20
9 -18 131.4
3 -35.5 141.1
1 -51.2 50.8
16 43.65 -1.738
1 36.51 120
4 -16.224 92.833
0 -61.2321 179.557
6 79 25.40
14 27 108
7 69.64 -41.1
5 -72.90 -120.4
1 -10.3 157.07
10 77.4 28.60
15 81.612 45.17
2 55.765 111.84
4 -44.6 156.287
7 -44.58 -40
3 -33 92.322
8 -13 101.869
5 89.7665 -179.1
7 -51.935 -1.5629
4 70.78 -98.36
6 20.2 104
0 25.77 37.62
3 32.8 54.8
8 -51 -111.4
4 56.86 168
16 68.92 105.14
5 21.3148 -11.9
5 -80.0 -4.89
12 89.9930 -31.2
3 -69.6 173
1 -42.88 -169.8
10 -1.7 -85
3 -33.42 23.35
12 19.3 117.636
6 -66.6 -49.19
12 -84.4 32.5
2 70.45 26.672
7 45.1 -139
10 -49.42 -123.6
11 13.14 -179.16
1 -75.4 -2.54
16 8.74 -40.31
11 50.2 139.39
2 62.5 -141.1
7 -84 -55.99
13 -41.7 -29.822
14 -21.2 -68
9 -16.13 -146.2
9 5.05 113.910
12 -66.043 98.913
12 86.12 -69.5
16 1.36 59.7706
2 17 -92.888
15 4.94 28.953
0 18.7 -162.4
9 -22 49.1
14 -17.42 -13.71
8 -58.54 80.15
1 -76.656 50.09
9 -41.08 51.0
6 -79 78.49
11 57.5 101.15
6 71.34 -130.19
13 -83.806 -150.7
13 -52.10 -30.40
13 35 6.843
9 -69.1 -149.463
7 -58.5 -166
3 35.5 89.73
11 10 -26.87
2 -7.5 -36.16
12 84.57 -133.5
6 -79 142.5
14 59.7 -154.138
2 -60 86.93
1 -83.668 1
8 27.1 123.585
16 -7.864 -1
15 45.9 -174
1 -12.65 -131.353
12 5.5 82
6 -87 -5.044
15 -45 -113.9
13 -79.7 105
5 -77.8 -160.1
12 29.04 -124.1
4 84.5 157.51
11 -17.4 -46.1
2 -13 35.3
1 -85 46.566
12 -82.7113 32.663
14 -16 -103
14 -54.7 83.2
13 -5 171.5
6 42.3 -13.04
7 37.311 66.71
11 43.4 4.302
1 69.68 -113.62
6 -54.71 121
8 -17.2 -171.2
15 -25.36 27
11 -74 -164.7
14 -25.7 -160.3746
4 -16.7 70.48
16 26.7 -179.99
13 45.9 -118.5
5 85.0 -154.2
6 26.004 43.7582
6 -25 -48.9
15 -89.4 -8.931
15 -85.9 74.8
13 -45.8 -133.6
11 -8.13 78.296
11 -50.284 29.2
14 -80.509 111.5
10 -62 60.8
11 86.35 43.811
4 -28 32.530
3 -64 120.56
0 62.2 -113.117
5 3.8 63.0076
9 53.75 173.0794
9 89.6 -178.30
6 -23.377 -3.4
4 3.2 90.9
7 60 -67.482
10 46 128.645
6 -10 -155.373
15 -74 132.6
0 -56.5 -60.8
13 23.6 34.00
14 65.5 -89
4 -10.981 -6.16
16 -35 -5.458
3 5.05 175.77
16 -60.63 147.6
6 -6.9 8.2
2 14.96 93.9
15 -78.059 33.0072
1 -49.3 -27.7
12 -58.2 -4.4
1 -81.9 150
1 -23.433 -33.176
0 52 -125.59
2 66.11 -178.87
0 -47.1 27
6 21.9 27.3
15 -88.255 162.603
14 16.69 -54
14 57.0 -1
9 6.8 -45.3
6 47.5 150.3
13 -88.806 152
0 74.30 86.15
13 -19.66 -56.2
