100
32
2
45,9
13,37,10
43,50,15,51
39,11,12,42,32
42,24,46,14,41,35
21,13,51,18,27,40,1
30,5,13,10,21,14,16,11
43,7,49,12,40,13,43,4,36
40,26,40,1,13,39,13,32,27,20
9,42,20,2,45,36,34,48,43,30,5
43,10,36,10,33,43,51,11,17,34,15,23
24,49,8,41,41,28,10,37,12,7,16,49,26
21,45,8,15,10,44,23,35,30,25,3,49,36,26
9,1,50,3,39,31,47,17,23,31,39,50,27,48,24
1,38,2,26,4,48,4,24,35,7,27,34,22,3,34,41
7,9,32,25,23,37,7,7,50,27,3,31,36,18,47,21,18
4,23,7,5,31,33,7,9,6,27,42,48,50,40,39,13,24,44
22,2,51,11,45,12,45,5,42,5,2,25,23,33,33,22,19,35,13
38,15,17,47,11,39,48,22,6,27,23,4,30,32,26,25,18,9,46,45
34,16,4,17,29,20,12,28,26,18,43,30,15,51,1,13,15,50,3,31,20
48,38,29,46,36,30,2,4,49,41,1,26,18,24,15,38,16,27,48,25,21,20
31,15,23,50,7,4,8,40,33,27,48,50,1,23,12,30,35,32,27,43,16,16,25
18,25,13,19,22,10,33,37,7,34,27,12,43,15,48,25,32,1,14,37,22,4,44,39
49,51,13,1,32,24,18,4,25,34,47,27,8,10,40,24,14,25,25,30,2,44,36,37,19
45,33,49,34,37,35,46,43,24,44,28,3,6,48,29,51,39,8,34,22,46,46,8,45,5,32
46,31,1,36,9,36,20,14,4,24,10,23,35,43,50,44,33,38,27,48,14,43,18,6,11,32,19
27,41,35,45,37,24,33,2,17,35,15,7,20,50,47,31,21,2,32,45,33,19,32,14,26,51,41,45
33,48,33,44,46,51,21,11,32,24,50,48,48,9,49,51,13,45,50,36,34,50,37,28,15,13,33,42,18
39,16,43,20,22,26,23,18,32,44,27,11,2,1,44,9,48,42,7,19,27,13,15,12,22,20,33,32,4,2
40,22,29,47,20,47,36,46,10,39,3,5,41,5,41,42,22,22,26,16,11,27,36,43,13,40,41,40,45,12,2
3,47,21,22,25,37,47,24,1,40,46,48,24,31,29,38,20,34,29,25,20,2,8,23,14,49,18,13,32,12,43,37
20
40
9,11
21,50,7
1,28,49,27
2,30,44,17,12
32,18,7,46,23,40
21,24,50,26,46,1,21
1,4,24,8,42,13,14,21
20,19,41,8,2,21,38,33,40
20,44,6,22,29,27,3,6,33,35
6,51,34,1,30,40,51,16,44,40,22
26,30,47,19,34,42,28,51,41,16,9,17
16,16,2,19,6,17,49,18,51,32,7,41,8
50,17,10,16,30,21,6,13,44,11,38,32,3,40
22,8,43,7,40,6,45,44,6,51,5,8,25,46,29
39,28,39,25,22,5,2,21,43,16,36,17,2,6,28,7
25,1,6,20,15,34,28,18,33,28,24,16,37,34,44,15,43
31,11,30,22,37,1,25,31,9,38,19,48,1,31,48,30,41,47
48,21,24,38,7,16,6,31,36,24,9,21,14,18,17,12,39,4,43
23,13,29,21,25,34,47,45,12,32,47,46,2,21,50,14,23,15,38,37
31
2
50,6
11,36,1
22,47,50,17
22,20,8,24,4
49,10,27,41,4,35
51,4,35,48,13,48,13
20,2,15,28,18,27,38,2
29,32,13,45,37,43,4,6,21
10,40,39,43,8,22,2,42,17,24
24,26,14,29,4,36,1,32,20,12,7
32,23,7,27,17,34,33,16,14,15,21,38
23,7,6,21,30,32,1,43,34,44,18,37,39
20,49,40,23,35,17,6,33,45,4,41,10,11,5
8,49,42,36,8,33,9,31,37,32,15,48,35,41,48
1,16,26,11,48,37,47,24,16,3,16,40,2,33,34,8
25,7,32,3,1,39,38,19,39,28,41,2,20,43,32,29,6
9,6,5,8,48,34,37,13,44,40,15,38,37,46,32,14,24,31
35,17,3,34,11,6,6,28,8,33,21,27,36,39,4,46,36,41,49
24,32,4,16,20,24,7,27,42,51,4,37,50,17,36,26,6,46,21,22
39,3,47,18,51,37,8,7,38,34,27,40,38,24,19,31,20,1,1,4,22
24,9,27,1,27,47,21,18,42,20,45,48,40,9,18,37,41,43,25,13,1,28
19,44,7,46,22,47,20,12,24,41,33,8,9,21,23,22,26,38,13,36,47,20,35
46,6,18,18,35,21,16,28,50,20,10,40,18,29,23,17,42,51,10,4,11,21,51,7
14,19,35,17,25,24,32,39,25,21,4,3,20,22,15,8,43,45,48,50,13,46,51,21,12
31,11,37,9,33,8,44,31,2,33,41,17,45,3,5,4,40,19,18,49,34,27,33,39,8,20
9,41,31,25,26,25,34,5,36,25,1,17,2,41,39,40,21,38,31,13,26,51,40,51,35,47,51
6,50,24,19,30,30,9,34,13,6,27,46,3,36,22,7,36,13,7,35,42,7,40,47,49,13,24,43
32,27,13,17,17,50,13,23,42,46,44,4,50,10,18,48,15,10,26,42,49,21,27,50,5,32,9,44,43
3,22,47,22,11,46,48,23,1,3,44,45,46,23,19,41,31,43,5,3,3,45,2,35,17,46,25,31,18,17
37,38,28,16,51,25,9,26,44,36,35,12,43,27,45,22,18,49,2,51,39,11,10,22,10,20,35,6,44,23,7
19
40
22,5
19,21,20
15,18,1,29
44,3,20,16,1
21,7,47,45,17,24
6,3,34,15,35,34,23
32,10,9,5,51,33,5,31
17,30,41,22,1,8,44,48,5
32,27,50,22,39,44,6,34,23,33
41,43,30,8,12,40,29,6,8,31,13
5,23,37,21,39,9,10,36,17,39,45,6
42,43,27,18,46,12,28,26,41,26,33,44,7
45,42,12,28,38,3,39,41,45,44,22,26,23,38
14,23,30,30,43,44,32,33,44,8,26,15,51,31,47
20,8,43,42,42,37,32,38,42,10,29,26,21,16,17,29
41,41,34,45,44,9,26,28,28,8,34,11,30,48,8,26,28
4,29,35,43,29,49,44,31,5,39,49,1,11,49,6,15,47,14
31,51,50,9,32,33,18,18,37,36,28,8,13,5,4,44,12,27,3
13
38
1,12
47,6,50
1,44,22,51
38,13,20,25,36
22,47,44,42,7,33
26,1,29,23,5,12,26
45,26,31,38,14,26,51,29
23,20,34,47,8,40,1,6,27
31,5,18,35,13,23,4,8,10,47
15,35,32,50,24,36,21,24,40,34,36
28,51,25,47,47,40,32,6,10,38,25,6
16,44,47,10,39,51,47,35,36,20,34,16,32
33
9
32,41
40,37,40
49,28,43,3
28,32,14,32,31
4,46,7,36,16,11
11,15,38,4,38,24,38
33,3,12,42,12,22,12,7
3,49,17,33,32,18,29,8,13
23,34,25,26,1,2,5,13,31,42
41,40,32,21,37,30,39,28,12,40,34
14,23,28,36,16,14,34,23,42,51,45,17
17,18,49,18,15,25,49,43,41,2,27,32,20
31,5,25,51,8,45,12,34,37,18,47,5,51,34
39,11,40,25,40,30,43,9,8,27,48,30,8,23,28
22,49,8,31,28,1,47,47,45,43,4,29,50,51,39,5
17,28,16,36,9,31,9,46,9,30,9,33,22,51,4,15,49
35,24,12,16,7,46,16,40,47,17,2,9,13,35,21,35,17,16
5,7,47,8,49,41,13,24,6,35,6,19,2,12,22,3,7,22,11
6,36,29,13,23,35,5,11,18,41,31,24,11,11,6,28,39,48,43,8
43,27,12,25,51,5,22,6,21,14,42,12,26,11,14,24,5,23,48,19,23
44,40,30,14,22,38,28,37,12,14,39,21,49,5,6,13,37,48,3,30,41,10
3,18,26,14,3,50,8,45,34,36,1,8,17,26,4,11,20,41,15,18,32,24,49
22,14,49,27,50,50,26,44,41,50,37,31,34,42,5,23,45,7,20,33,34,19,8,38
23,47,8,21,30,35,50,31,9,16,15,14,33,24,48,51,21,37,12,23,41,45,3,40,47
3,46,1,42,9,5,38,16,48,37,14,18,24,33,38,49,32,11,26,7,16,9,14,12,32,20
40,7,27,50,38,48,44,8,5,22,9,15,6,19,3,8,13,45,15,51,18,32,15,21,13,44,15
2,25,21,9,49,51,24,41,36,5,41,32,37,20,44,3,5,29,4,34,15,11,27,4,28,49,39,31
45,14,4,42,42,42,8,29,30,5,31,6,5,9,27,12,22,26,25,27,33,33,26,32,49,20,18,10,43
38,4,40,1,17,7,7,50,11,9,11,3,37,31,47,23,39,47,29,20,38,47,12,35,17,31,39,26,29,16
5,43,36,25,49,45,48,10,37,11,24,1,45,23,46,30,19,30,3,29,2,30,3,29,51,39,16,27,45,34,17
7,17,46,29,23,50,16,38,45,16,23,2,33,27,17,6,11,36,35,3,33,50,9,21,9,49,32,7,6,4,1,12
26,44,15,30,21,17,43,39,31,38,28,20,36,28,6,16,9,28,12,50,35,23,25,1,40,41,41,4,28,40,17,22,15
26
10
35,16
51,1,44
41,9,22,11
19,7,48,32,16
38,51,31,1,48,11
1,24,50,46,29,13,48
34,18,12,16,41,9,44,48
43,51,7,39,4,35,5,11,44
1,33,51,44,12,45,45,15,24,27
5,11,51,44,41,4,10,26,46,50,20
25,21,15,39,23,45,40,50,7,29,25,37
17,41,35,29,2,10,47,21,33,4,46,16,29
37,38,50,14,40,39,42,15,51,45,39,43,49,20
20,43,14,45,31,15,22,22,50,51,3,48,33,39,14
5,25,11,35,15,29,41,32,11,20,10,23,13,5,16,4
36,37,41,27,21,35,14,46,41,5,30,5,31,25,3,10,22
10,33,28,41,29,16,31,21,17,3,36,49,41,41,35,46,44,13
38,2,10,35,45,7,21,34,31,19,25,5,6,33,44,10,50,33,43
27,34,46,19,15,15,31,23,38,24,34,19,12,24,16,45,16,5,25,19
3,48,31,23,29,46,30,23,39,28,4,42,51,36,16,28,42,19,42,3,48
50,39,25,13,36,22,30,42,14,41,28,48,48,9,42,43,14,9,37,11,6,26
44,47,2,39,17,13,28,50,43,17,35,49,10,43,46,3,43,6,18,12,35,1,10
4,10,43,35,48,1,39,41,31,5,50,22,31,12,17,30,41,31,4,4,33,22,51,21
24,30,1,1,36,41,6,31,50,22,22,32,18,37,15,37,5,7,5,9,45,49,7,38,38
26,44,4,1,29,39,35,44,18,15,47,1,40,29,4,2,22,30,6,42,6,26,45,43,45,31
14
8
20,16
14,13,4
49,40,22,51
9,20,6,43,25
50,38,51,2,15,24
6,6,6,51,44,32,17
12,34,50,25,3,51,18,2
35,1,31,20,36,1,6,9,14
33,2,7,35,39,35,28,15,21,2
27,7,10,47,24,6,48,44,42,30,51
20,51,35,40,4,35,34,34,14,23,11,27
44,10,50,4,8,26,3,32,7,39,25,19,10
2,15,48,10,24,39,27,43,7,47,19,5,42,13
25
4
40,44
16,32,25
50,27,47,33
9,8,5,41,24
44,13,14,23,33,12
12,31,26,10,10,47,23
22,35,31,38,10,46,26,20
25,32,32,25,7,18,25,38,16
16,22,35,7,49,32,25,28,43,38
4,30,2,23,43,50,45,49,21,38,12
20,14,49,32,31,2,2,33,20,24,47,17
26,3,21,17,36,38,45,9,46,14,34,20,1
2,33,4,19,1,14,19,37,33,43,10,9,6,8
24,43,8,41,49,36,39,23,2,40,31,35,46,9,30
30,12,18,14,6,38,16,26,25,25,51,17,41,12,26,26
42,13,46,21,20,6,31,6,22,29,40,1,16,40,33,21,14
30,5,34,19,42,35,42,2,16,40,18,48,32,18,20,11,25,27
35,50,14,23,40,41,49,12,35,48,1,4,18,1,45,20,15,41,17
47,39,9,38,45,29,51,36,37,43,28,25,51,5,19,46,44,20,48,30
47,43,12,22,31,48,8,12,7,43,15,43,18,45,32,22,37,49,29,22,45
22,12,14,38,46,24,34,16,27,45,25,10,7,32,12,9,8,30,1,11,13,49
48,22,5,2,29,17,50,2,45,43,8,25,6,1,50,28,26,41,22,6,42,7,23
26,7,4,18,26,22,24,2,38,1,14,2,13,6,31,26,48,20,6,26,31,32,51,10
41,51,12,28,45,9,14,28,37,44,3,2,20,32,51,40,6,4,31,49,45,35,14,10,50
9
7
22,12
35,3,10
19,44,25,19
39,50,17,45,40
35,24,28,5,26,15
32,42,16,3,50,40,1
33,19,6,14,37,20,26,11
10,3,7,49,47,35,15,4,1
28
44
22,43
30,48,33
2,18,50,41
33,45,32,43,41
47,14,40,17,15,48
20,28,16,4,48,36,46
22,33,28,48,12,6,35,5
14,32,1,42,24,47,19,6,28
36,25,40,2,30,22,1,40,8,17
24,37,40,42,49,51,7,33,41,40,6
29,3,47,5,29,35,28,43,23,33,10,43
32,37,49,16,48,19,37,14,10,17,51,2,21
42,25,50,5,45,42,30,24,2,15,29,49,15,11
38,19,8,33,31,25,42,2,6,1,33,20,4,1,42
17,21,2,49,44,29,3,19,29,41,28,19,18,50,30,29
48,35,4,38,47,7,21,48,11,27,14,22,41,39,36,5,15
3,8,20,38,19,37,9,17,40,46,15,6,25,23,43,1,36,6
33,26,17,39,27,39,17,43,12,6,23,40,34,25,48,15,19,51,6
36,15,42,41,1,22,31,33,27,46,43,48,48,33,3,7,18,6,38,22
51,19,11,12,7,39,25,51,42,28,18,50,5,43,20,44,4,10,45,32,15
17,40,2,17,40,23,15,38,17,46,10,49,21,40,26,47,43,32,4,38,35,39
33,18,17,10,37,20,24,21,47,37,50,26,9,47,50,2,7,42,31,38,6,21,5
29,14,37,40,23,47,17,50,17,39,23,4,42,9,45,38,2,8,4,1,45,16,37,14
47,25,21,19,12,19,27,24,8,13,22,25,3,22,40,21,8,4,38,24,16,18,51,2,49
13,21,27,47,51,42,12,12,11,33,18,20,12,18,24,27,49,30,32,38,41,24,34,1,32,2
40,43,3,43,17,3,38,23,18,28,48,12,47,22,35,11,30,39,36,34,37,22,5,13,47,1,48
20,30,3,18,2,19,3,43,5,8,16,51,43,44,10,11,38,24,18,50,29,13,30,18,31,35,43,46
7
34
38,35
48,9,44
10,48,46,32
6,35,14,13,31
8,24,4,31,41,34
24,26,23,21,24,14,50
11
45
36,48
42,12,9
15,38,24,28
16,24,32,42,21
1,37,23,34,14,43
6,11,48,5,41,41,30
38,35,4,30,5,36,34,23
16,12,2,48,39,41,13,16,20
17,51,39,18,39,2,37,46,39,14
19,36,19,26,2,11,28,43,49,6,39
32
26
35,47
6,30,20
5,11,37,39
15,46,20,38,13
11,13,50,44,24,51
11,7,6,34,12,39,1
14,3,19,44,50,10,15,17
16,51,48,36,15,27,37,22,30
23,26,43,28,8,29,21,12,4,17
45,18,6,37,30,48,24,36,30,37,29
10,37,20,21,35,9,16,49,4,28,3,13
38,33,36,45,4,36,23,49,9,36,4,47,22
43,33,51,50,12,12,22,1,28,32,16,28,4,38
30,28,8,51,21,14,49,30,50,1,7,16,20,43,42
23,20,30,51,23,50,10,38,39,14,8,5,12,14,7,44
38,18,19,18,28,50,8,22,24,16,48,8,37,15,17,31,27
48,30,35,20,44,37,10,2,45,14,6,46,9,10,2,21,32,39
44,28,4,16,27,24,39,4,36,28,5,34,27,47,18,5,43,32,3
50,2,2,25,16,51,10,36,6,7,16,43,51,43,37,9,31,19,12,50
4,28,21,12,8,8,18,44,29,50,28,24,29,43,2,1,50,13,39,4,30
41,36,45,27,46,35,16,50,44,26,40,36,38,11,27,50,47,26,26,34,26,48
12,16,38,40,28,36,31,46,42,45,12,46,34,13,21,16,15,6,13,14,27,43,27
17,39,30,16,32,41,37,36,23,15,14,5,11,37,15,41,17,49,2,41,46,23,43,4
25,28,3,41,19,32,29,6,4,5,35,45,6,46,14,21,42,1,47,43,26,11,19,16,23
30,1,51,38,12,39,50,39,34,44,27,36,40,23,40,36,15,3,40,17,43,45,39,23,47,23
3,4,38,10,25,51,46,36,51,31,6,40,1,19,8,14,24,24,7,23,41,8,36,28,51,43,43
28,15,20,23,38,9,49,17,38,11,9,28,2,38,22,26,36,4,51,9,48,50,46,25,5,36,1,29
30,29,18,14,34,22,2,30,46,44,28,37,23,51,46,10,18,45,6,19,1,8,30,31,23,40,19,29,9
22,31,9,15,32,8,5,39,18,9,10,31,10,40,43,47,7,43,29,47,19,49,51,47,47,51,40,38,44,50
37,15,18,44,10,29,47,16,48,20,49,1,22,40,46,14,25,44,7,50,43,14,50,41,51,34,25,41,4,8,51
1,38,14,50,9,48,3,51,34,14,24,21,14,43,13,17,37,31,40,45,36,35,22,19,22,1,40,3,17,27,36,47
14
1
35,14
35,16,35
4,41,7,1
21,37,44,38,12
43,16,51,1,20,45
15,5,30,12,30,11,11
26,37,26,37,1,4,26,51
9,13,22,32,44,22,9,38,12
12,50,3,42,49,25,16,36,16,8
45,20,34,37,4,10,14,47,1,48,37
14,16,22,16,51,3,7,12,48,21,16,16
11,43,45,16,23,32,51,30,31,33,35,4,40
46,16,7,28,41,33,37,4,4,43,39,33,18,15
25
38
23,1
11,6,30
24,16,9,50
42,25,50,41,42
1,18,46,3,43,12
14,23,34,49,45,44,42
45,43,25,15,41,44,51,47
8,13,21,25,50,35,42,13,23
8,39,39,35,36,40,9,43,40,27
1,17,51,25,47,43,1,38,11,4,43
40,5,27,34,51,4,24,14,44,50,18,32
4,28,4,45,47,9,8,50,41,3,40,38,36
11,1,22,11,39,49,48,3,45,31,44,16,18,51
23,8,23,36,31,13,36,45,44,28,36,26,10,16,32
6,10,24,32,37,22,25,6,34,48,38,28,39,8,31,6
41,37,13,11,15,51,48,33,50,42,49,23,41,31,32,23,41
28,9,27,8,11,18,31,41,50,18,9,42,17,26,1,50,40,26
15,12,25,5,20,42,34,6,1,20,33,18,10,38,37,38,50,37,19
20,43,23,48,39,51,3,30,31,38,23,27,50,24,26,5,10,35,22,14
30,48,8,12,26,4,24,48,38,49,37,24,47,13,31,28,47,16,14,46,22
22,47,23,8,30,3,40,12,35,25,37,9,17,45,15,4,14,50,43,29,38,24
14,30,9,6,42,37,11,24,41,47,18,18,7,13,35,15,1,19,15,1,8,8,18
34,25,47,22,35,46,7,44,37,7,33,44,45,30,27,36,20,7,4,45,39,23,18,5
39,14,48,5,47,46,23,48,19,11,41,42,26,12,8,30,6,14,34,50,35,20,36,10,32
10
39
21,38
29,17,34
4,24,44,21
9,50,17,12,30
2,26,33,19,6,23
28,39,45,17,8,6,1
21,46,45,51,36,15,6,43
6,1,32,25,31,43,36,24,29
20,15,31,12,8,31,30,38,17,28
22
27
20,38
25,16,28
30,9,48,17
19,41,42,42,27
48,29,10,18,14,9
1,19,12,13,13,32,36
36,13,42,38,36,24,21,51
5,33,28,14,35,18,18,13,16
24,40,34,19,2,47,9,18,24,49
17,50,45,23,7,41,6,30,50,26,1
34,42,48,49,19,32,31,14,10,20,41,3
16,49,34,25,42,49,43,15,32,25,4,48,9
11,15,5,47,38,51,14,21,45,39,45,27,18,21
37,12,24,9,7,3,20,46,47,50,5,43,5,38,1
24,29,29,2,47,8,43,32,44,3,31,1,44,19,31,41
21,10,50,25,47,5,2,6,50,44,11,30,40,51,44,29,7
49,14,8,15,8,31,45,12,2,14,33,21,4,15,51,22,41,33
6,21,10,48,23,24,9,6,2,15,26,12,39,32,44,37,9,15,41
36,51,5,35,26,26,44,18,6,42,32,24,15,44,34,42,9,8,7,44
2,29,40,49,39,12,15,9,18,14,2,20,51,50,20,24,39,10,2,45,6
16,7,39,23,4,40,4,29,3,1,32,2,9,29,24,7,49,49,23,13,11,44
21
48
26,18
40,14,26
23,19,51,9
40,8,9,50,40
16,40,33,28,18,20
24,19,45,24,15,6,38
9,37,46,44,22,23,48,4
2,23,47,44,18,15,27,50,4
24,16,31,4,4,44,40,36,34,42
10,5,42,9,21,14,36,5,31,20,5
42,14,32,29,13,19,27,32,15,41,48,48
40,14,11,41,44,19,18,4,3,29,13,25,5
16,40,36,24,43,14,23,44,41,24,21,29,16,34
1,15,45,1,11,27,8,39,25,26,29,12,48,33,15
27,22,17,50,1,20,11,31,47,31,49,27,24,17,30,50
10,40,11,5,11,17,7,3,26,25,38,45,17,26,6,39,7
14,46,5,42,18,27,23,17,36,22,11,6,4,16,38,30,23,13
6,39,14,31,48,9,40,9,43,48,9,48,23,4,23,41,28,29,25
42,33,40,3,35,46,49,45,25,38,33,6,5,45,21,11,50,37,23,14
23,18,15,46,51,24,3,27,41,12,17,33,33,19,45,5,18,19,47,8,51
34
43
22,9
9,25,24
39,21,31,13
44,15,47,45,23
4,33,29,35,17,40
45,25,30,44,46,43,22
36,6,29,25,19,15,30,47
50,18,2,40,6,6,2,32,17
45,42,35,21,29,38,30,17,23,17
17,19,35,17,45,44,42,18,9,43,8
2,14,10,30,9,44,40,31,29,9,45,26
14,43,13,42,48,47,14,51,24,11,10,51,27
8,1,48,18,49,15,51,49,45,35,25,36,2,14
9,3,21,4,22,33,22,28,23,51,48,35,41,40,23
9,25,33,20,17,32,41,8,36,48,49,33,14,18,27,25
13,28,7,1,24,16,9,26,10,42,7,44,35,45,3,25,5
33,47,51,47,20,13,44,19,51,28,34,2,14,30,6,4,21,51
17,30,33,7,32,19,25,1,50,30,7,46,31,27,17,38,26,10,49
34,18,46,26,45,46,15,10,17,43,16,3,12,5,45,36,21,33,35,44
14,47,16,39,8,8,21,36,19,42,31,4,14,37,44,36,45,36,47,39,44
26,42,23,44,33,30,45,30,28,7,32,14,14,11,15,44,50,5,44,33,50,16
17,16,33,34,47,8,16,42,31,9,31,26,40,24,20,21,22,32,18,41,45,41,16
12,43,41,34,12,49,44,10,34,27,36,13,8,25,26,8,11,34,8,46,17,49,11,30
23,33,19,44,21,11,43,26,44,3,33,5,5,30,14,15,42,26,24,5,16,9,51,4,29
34,36,11,24,30,50,11,16,10,5,8,40,18,37,21,29,10,23,22,8,1,50,4,46,20,4
45,40,25,16,39,11,3,3,46,47,46,31,42,11,6,33,16,26,39,3,7,44,21,51,13,7,10
33,14,26,26,35,35,20,44,38,21,40,3,36,51,7,33,1,31,7,47,19,24,18,21,16,3,48,12
45,35,26,18,4,42,36,29,31,22,30,10,7,19,45,16,38,32,7,50,45,27,24,12,35,2,36,42,19
1,51,13,18,11,5,47,1,15,40,30,44,46,17,23,10,43,41,45,20,26,36,13,34,3,12,38,5,14,9
1,1,27,24,46,31,47,48,25,23,36,7,3,42,46,20,25,41,3,8,7,16,41,45,40,10,30,20,50,35,1
1,4,35,35,7,50,11,48,35,22,5,37,15,45,51,34,36,43,4,10,31,47,30,21,13,35,30,10,50,27,5,14
22,49,46,35,50,20,28,21,28,42,14,4,32,25,46,15,22,49,48,23,48,43,34,20,25,23,13,22,2,9,23,3,30
20,25,12,50,49,6,51,32,26,6,13,35,12,2,40,39,16,27,35,34,11,17,27,25,12,12,16,49,8,18,45,5,7,11
7
11
28,14
1,1,1
31,38,11,6
50,40,17,14,46
26,27,50,50,5,26
49,3,31,10,5,44,32
19
14
49,24
43,39,33
4,47,16,19
37,20,28,9,26
20,13,48,2,36,32
45,26,45,19,4,35,46
32,43,7,34,38,14,44,16
44,18,19,51,51,24,41,2,30
34,12,35,9,37,4,3,42,45,15
2,35,13,6,35,49,47,1,20,30,14
46,8,24,4,29,14,35,41,9,38,40,5
41,21,25,34,46,17,25,50,9,41,25,13,26
11,35,42,42,41,51,9,29,16,8,18,51,34,15
6,40,44,15,37,4,21,2,40,3,23,23,40,28,19
44,39,19,5,37,20,19,48,11,30,37,6,33,16,45,9
34,49,19,49,12,4,34,36,11,29,10,4,7,32,44,29,38
51,16,30,42,41,43,10,26,41,22,42,38,50,37,37,32,48,12
11,15,40,33,25,12,5,29,41,20,11,50,23,46,19,21,23,28,3
34
49
35,51
3,16,20
32,21,26,32
42,8,51,7,17
2,20,3,1,14,35
11,31,26,26,11,23,37
41,18,11,45,50,33,28,25
15,48,12,26,35,51,22,31,39
47,12,39,2,24,9,47,50,16,43
28,14,32,27,19,27,33,15,30,33,47
15,29,34,3,22,20,20,46,22,8,43,9
49,1,34,41,36,25,50,44,3,43,51,20,50
35,7,47,3,30,23,39,20,30,49,49,22,35,38
34,17,7,35,50,39,19,23,39,2,29,13,32,33,2
39,16,39,30,41,21,17,1,20,11,8,7,18,29,11,6
4,17,27,25,50,3,49,47,6,4,40,36,46,47,32,33,36
3,34,43,40,38,14,6,31,17,45,43,17,7,28,25,37,16,19
46,11,7,47,14,4,29,45,40,37,19,35,10,34,11,36,12,28,41
36,38,23,10,37,7,45,16,7,38,51,30,21,7,30,26,2,43,24,26
27,27,28,18,20,34,16,5,18,4,8,14,15,47,7,16,29,37,45,32,20
28,9,20,7,2,45,15,50,7,34,29,44,18,33,23,2,48,42,13,13,17,3
30,17,48,51,3,25,40,46,17,6,30,19,42,44,21,37,33,44,17,30,29,13,26
4,3,13,36,6,4,21,33,51,17,27,27,41,33,30,39,17,17,20,9,9,27,30,24
12,41,37,45,39,3,46,26,31,46,37,39,46,20,17,1,48,44,6,17,4,12,28,16,49
46,14,12,9,25,8,33,9,46,49,41,48,20,11,17,47,36,3,14,23,19,29,26,22,49,9
8,4,41,50,24,31,20,20,30,29,27,9,48,17,2,50,26,50,42,14,22,28,43,48,30,11,31
42,37,33,11,12,50,38,46,49,24,26,45,11,30,18,5,44,41,26,26,45,49,44,31,6,3,22,37
42,43,28,22,18,6,17,17,2,13,41,3,49,13,37,15,35,25,30,30,5,23,13,43,42,11,30,25,39
18,18,50,17,3,41,46,30,43,22,46,6,17,19,2,49,24,2,39,34,12,50,13,27,26,7,32,44,20,18
9,23,33,47,20,27,41,32,6,14,3,30,16,2,18,7,17,22,1,6,37,7,27,17,8,9,26,14,22,36,21
49,3,45,16,49,40,19,7,2,3,32,32,37,14,22,9,28,24,41,13,37,31,9,37,21,14,11,20,1,7,7,40
23,26,37,26,47,5,4,28,34,43,21,6,40,29,13,14,42,4,33,22,20,15,45,29,4,37,43,48,10,25,24,34,6
21,39,30,38,41,43,25,46,50,19,6,15,12,12,40,6,12,34,8,18,14,19,9,27,47,27,40,32,33,18,17,43,35,25
21
7
5,49
29,7,30
44,28,7,2
34,40,3,27,18
37,30,13,13,50,30
25,13,14,39,21,14,24
14,39,10,34,22,51,2,1
20,4,29,35,41,21,42,46,13
25,30,23,14,42,44,43,37,37,14
23,45,16,10,3,29,39,15,24,19,34
19,41,1,39,8,28,30,11,31,7,21,13
12,12,49,23,12,6,7,24,29,16,9,8,37
44,30,42,39,44,11,49,28,46,49,49,16,39,46
43,31,27,19,25,19,14,47,20,46,22,49,50,16,46
37,34,2,3,41,33,29,47,8,51,31,25,17,2,44,35
38,38,30,19,47,6,44,47,47,8,4,20,5,18,19,17,43
32,37,1,2,51,5,4,17,43,31,21,37,51,12,14,46,42,32
1,22,16,6,44,9,39,24,26,41,23,51,49,46,17,19,34,37,10
41,40,4,32,1,41,44,46,44,31,47,8,51,32,18,12,14,34,48,51
29,50,33,16,1,19,4,16,12,32,26,17,42,11,50,18,8,7,37,17,37
17
29
28,40
42,50,5
21,40,29,31
5,45,18,25,36
44,45,43,28,38,13
26,28,2,30,6,27,26
22,40,31,15,40,5,15,34
24,26,39,27,21,21,44,4,8
11,50,31,34,27,43,30,13,49,50
34,15,28,50,7,14,33,49,22,34,2
29,36,42,51,3,23,47,40,42,23,33,49
3,23,36,43,27,37,1,3,27,32,2,35,49
8,50,18,7,49,2,43,19,51,30,47,11,20,38
12,27,25,7,35,18,25,40,11,22,44,40,12,12,47
13,23,26,20,50,19,11,31,25,26,27,13,18,33,32,48
36,38,14,39,6,34,10,1,10,29,27,7,41,40,42,23,41
9
40
31,50
42,7,29
25,40,1,35
29,44,3,17,49
6,6,3,20,45,48
21,11,46,44,15,33,27
7,20,1,34,5,8,19,43
41,43,28,36,13,46,15,45,20
35
29
36,37
1,44,2
40,50,12,13
42,45,23,28,32
16,27,45,8,30,12
31,38,49,43,6,3,33
5,27,23,28,25,12,46,25
13,29,6,23,36,16,46,9,1
28,24,8,11,8,40,13,37,7,6
23,50,46,3,33,22,25,26,25,19,39
28,6,43,19,51,12,27,47,35,2,22,46
18,41,2,18,43,14,35,17,39,10,32,37,28
31,1,34,23,30,32,20,16,4,42,25,3,17,42
30,38,18,9,45,43,34,18,14,34,28,46,3,8,38
46,1,41,18,4,33,45,27,47,11,5,35,44,4,13,5
32,51,49,20,50,46,3,22,40,22,10,32,42,10,39,44,6
1,30,18,40,33,20,45,51,35,43,12,33,35,46,1,1,3,4
5,45,31,13,9,19,7,45,31,15,7,1,44,5,44,40,31,1,47
4,17,20,4,9,20,8,42,1,2,4,46,40,19,49,48,38,34,26,38
36,44,17,15,4,6,31,1,46,22,1,44,46,17,41,34,36,2,6,7,7
15,44,17,23,49,11,2,45,7,21,20,45,19,8,23,6,25,34,26,38,48,39
47,14,33,33,4,16,44,22,51,38,40,33,45,22,25,14,51,9,27,28,28,9,45
36,10,29,22,30,30,17,23,17,13,22,51,27,17,4,46,18,18,35,10,13,12,2,13
3,8,1,26,3,29,3,29,6,42,43,43,42,13,31,19,37,34,27,39,27,48,5,10,12
4,46,20,7,16,8,50,47,33,12,10,5,26,38,31,34,29,49,38,33,34,9,33,51,17,5
26,20,1,1,24,50,19,48,41,47,7,13,16,35,51,1,41,40,43,14,35,40,22,32,40,23,16
9,13,37,44,5,6,46,31,51,26,23,20,38,47,22,19,43,20,9,24,9,47,17,13,25,4,26,47
41,43,29,38,22,28,7,22,49,26,45,7,17,25,8,17,1,22,23,12,40,34,4,47,50,10,4,33,15
2,5,12,15,2,32,51,34,15,43,2,37,8,9,38,24,19,6,34,27,45,4,27,12,7,47,24,34,44,24
44,24,4,16,25,5,2,45,49,41,6,29,29,26,12,46,22,16,24,33,46,36,10,47,2,47,1,39,11,1,16
4,45,24,1,30,15,47,48,14,31,6,51,19,8,15,13,29,17,10,1,20,4,2,12,5,25,9,11,3,9,10,40
1,38,24,26,24,18,24,34,35,7,45,11,12,43,44,14,2,40,21,16,28,7,20,18,40,24,47,38,14,8,31,1,21
10,50,51,29,3,21,2,32,21,7,46,12,22,28,36,47,42,14,24,4,29,4,21,35,47,4,2,4,12,2,31,36,16,14
8,32,48,27,46,2,40,14,1,17,34,19,21,28,14,33,9,9,3,37,13,38,26,2,29,18,16,10,4,7,41,18,38,1,13
15
26
3,16
35,45,10
36,13,20,36
25,12,32,37,9
35,9,46,31,25,48
13,44,13,45,23,9,12
23,8,19,44,36,48,45,24
37,28,18,5,5,16,42,4,21
27,41,19,19,39,7,3,42,31,16
35,6,41,34,14,30,7,33,28,2,15
3,23,8,34,25,35,4,9,16,4,4,28
50,22,20,6,28,17,12,20,7,51,31,50,27
11,47,32,18,31,13,28,25,20,14,18,26,37,27
1,49,49,35,45,48,42,26,43,10,37,42,23,2,21
24
33
28,49
6,49,26
26,1,47,28
48,10,29,8,11
43,47,10,21,49,36
38,23,30,43,13,37,47
45,11,15,43,6,2,50,8
29,9,33,9,44,48,46,35,24
28,9,48,23,33,43,29,3,46,26
1,13,4,50,50,30,51,15,40,22,45
39,3,31,35,21,5,51,51,31,4,42,7
48,7,20,25,18,21,1,35,17,25,32,7,16
2,32,45,23,47,32,31,14,32,16,45,27,38,37
32,31,29,51,12,46,43,24,45,35,26,37,24,42,18
50,43,51,20,4,19,3,20,42,32,36,10,36,19,25,35
12,45,33,34,31,49,48,17,15,47,43,45,45,39,25,44,45
51,24,10,16,23,36,13,14,22,7,40,20,27,44,18,9,49,9
42,6,22,34,6,20,14,6,34,22,30,24,27,39,31,46,31,9,32
15,30,2,19,42,6,17,39,6,14,38,13,46,6,28,8,41,7,35,1
40,10,45,38,42,40,37,40,50,3,10,10,21,13,20,25,32,35,33,25,21
51,17,46,39,14,44,20,4,1,40,13,34,29,10,25,9,41,14,2,47,6,6
36,9,32,49,49,29,40,40,14,34,6,11,32,22,47,34,51,5,24,10,35,33,29
19,40,12,35,51,12,40,6,51,20,18,49,33,48,15,44,22,9,44,19,47,31,38,7
9
43
36,50
38,31,28
13,35,38,22
30,49,43,16,14
8,25,23,6,28,38
41,51,9,18,32,44,38
24,35,5,45,13,27,24,22
20,44,30,19,5,35,49,15,44
35
29
28,25
34,32,49
13,18,6,45
23,10,14,16,19
16,46,6,49,39,20
8,43,45,7,35,39,19
36,21,4,45,28,36,13,43
50,9,7,24,44,47,23,4,49
38,40,37,26,34,32,16,35,42,25
11,43,45,24,22,36,43,50,17,9,46
26,2,35,24,22,40,12,25,3,26,43,3
19,20,31,33,35,28,32,26,20,15,47,23,51
9,4,46,24,8,13,2,16,42,35,40,23,44,18
14,27,15,29,30,45,9,38,43,35,2,16,20,10,45
36,49,4,35,4,10,16,5,26,33,44,37,3,34,21,15
49,50,48,39,37,21,45,6,26,23,51,43,8,38,44,29,12
47,10,24,43,9,17,26,21,9,13,38,22,25,41,51,31,20,46
11,36,14,40,42,14,49,35,37,36,18,6,31,10,23,11,10,41,48
15,38,51,19,28,4,41,35,47,7,27,39,40,50,5,10,19,21,47,32
22,3,34,40,47,15,39,20,43,7,37,31,35,9,46,46,43,44,28,24,9
35,11,5,21,46,41,43,6,10,27,18,39,2,43,25,48,27,28,36,24,40,37
51,25,45,48,10,37,16,15,31,38,40,14,51,8,49,28,36,17,37,12,20,33,27
3,14,41,39,33,19,39,34,16,37,49,12,25,46,1,36,26,47,51,33,15,18,2,45
14,35,16,19,17,15,15,25,25,6,19,6,14,51,33,26,35,38,2,19,42,26,5,39,51
29,16,34,3,38,15,46,20,34,11,19,7,38,35,39,16,39,49,50,18,3,35,39,41,38,21
33,35,21,49,46,4,28,6,14,49,9,18,35,13,13,20,22,37,35,1,24,49,13,21,10,48,7
9,24,12,26,23,29,25,36,17,48,1,16,34,20,3,23,21,23,11,47,27,31,37,41,39,50,32,38
13,14,43,50,9,15,3,9,21,8,32,10,50,12,50,15,48,5,38,43,40,49,43,13,11,49,4,6,8
37,9,11,3,34,34,3,15,12,37,45,12,28,19,8,7,23,51,22,44,18,45,31,44,45,3,35,45,26,48
15,41,39,8,51,24,29,10,38,23,11,21,38,36,4,30,26,11,34,22,34,42,10,39,6,49,41,9,19,28,11
41,39,36,29,51,31,24,40,51,10,38,25,44,51,19,32,15,38,22,46,27,17,29,36,36,12,33,23,8,23,50,48
28,7,49,36,17,1,36,9,24,41,24,15,8,10,3,43,35,37,41,45,51,9,43,50,43,32,4,33,21,46,37,23,4
29,17,33,28,35,11,4,31,16,33,5,26,34,43,18,23,5,8,26,12,8,44,6,6,6,38,47,42,50,22,14,15,34,48
19,19,50,29,18,9,1,6,40,3,50,3,30,29,28,20,16,43,20,27,19,28,21,33,18,28,8,38,15,45,4,48,18,20,50
18
48
4,31
48,27,27
41,13,40,49
20,39,14,23,48
2,5,50,2,26,31
25,26,41,21,34,24,12
35,17,25,46,21,39,36,1
41,1,12,34,26,49,20,23,25
46,33,42,36,47,28,25,12,8,16
17,14,25,14,38,49,1,4,48,13,11
44,6,12,36,17,33,42,11,10,11,42,5
20,31,49,27,47,35,29,44,24,46,43,34,15
34,30,21,41,11,49,23,22,19,20,23,17,37,32
27,48,33,46,15,18,1,41,45,19,14,23,44,7,14
28,36,32,36,9,45,46,8,15,10,13,17,38,25,23,44
27,2,32,10,22,50,11,17,48,24,34,1,2,9,43,23,46
21,13,49,15,35,12,9,36,25,41,8,5,30,4,35,44,35,9
13
27
17,21
32,6,36
23,42,20,50
2,8,31,32,39
14,25,25,10,13,28
28,11,43,13,31,9,5
16,15,2,50,47,31,36,5
45,19,5,4,15,6,16,7,8
38,49,51,5,9,13,9,30,3,27
6,35,34,47,26,9,39,11,1,23,33
43,46,21,4,51,12,35,35,4,51,15,31
37,26,33,38,8,22,42,28,29,46,33,29,46
11
32
47,38
14,29,2
12,31,27,26
51,29,45,15,14
31,15,48,18,4,19
23,5,38,10,22,22,37
32,1,27,2,16,49,31,29
9,50,21,28,41,18,5,32,45
44,35,11,13,42,20,14,6,47,32
21,22,2,5,25,9,25,8,3,37,7
15
19
42,30
35,49,3
22,21,23,32
24,9,32,17,6
37,26,13,14,28,12
14,34,37,27,49,20,34
34,7,46,44,28,48,24,1
23,35,49,46,22,9,26,3,29
6,47,25,48,40,2,49,34,25,48
22,1,13,44,1,18,33,17,9,16,39
23,9,12,32,33,42,26,38,36,21,25,38
8,14,30,12,27,20,28,14,19,46,11,3,46
3,1,37,36,4,31,42,14,1,35,47,16,1,45
46,22,26,14,16,46,12,15,15,35,25,12,17,22,46
6
49
9,1
36,38,26
8,7,36,25
32,11,5,46,39
33,4,47,40,16,21
17
17
19,34
35,46,5
35,12,8,40
39,3,26,38,50
43,9,21,42,32,24
48,30,49,6,51,27,43
9,16,51,49,33,8,20,35
30,31,30,9,30,34,51,46,43
15,49,42,22,23,46,12,48,11,45
5,14,13,41,38,13,36,24,34,36,31
34,41,51,8,18,25,26,40,16,25,49,27
41,3,40,46,32,6,7,42,45,42,48,48,39
14,6,35,26,8,21,25,30,5,50,47,17,14,27
25,28,17,51,43,31,21,47,19,44,22,8,33,45,20
32,40,10,41,5,45,28,18,31,1,36,47,6,35,21,13
3,20,17,32,49,12,30,41,12,16,2,28,47,51,35,2,6
13
20
24,35
28,7,50
49,6,11,38
25,2,50,7,25
22,43,45,10,9,38
33,26,40,40,11,21,49
29,38,35,17,15,21,19,1
47,38,41,30,48,41,2,23,29
40,18,17,50,42,22,26,35,23,32
2,50,51,16,38,34,20,5,37,37,2
27,35,20,14,4,41,13,16,30,22,27,16
18,44,45,32,46,34,21,5,38,32,9,25,44
23
38
44,17
49,5,51
20,9,45,40
15,32,50,20,47
51,7,47,14,29,35
37,42,34,26,31,10,15
29,20,44,46,2,3,4,39
27,6,5,21,17,31,8,29,16
9,48,6,19,5,11,30,10,44,42
16,6,11,10,44,28,15,46,6,41,51
1,51,49,7,50,14,35,16,7,37,45,50
50,29,7,7,38,32,23,27,12,9,17,50,29
21,51,42,23,2,2,35,37,39,12,38,20,14,10
42,35,27,31,41,34,12,11,25,26,23,19,23,40,35
44,50,41,51,11,23,46,17,41,3,1,11,24,7,28,22
36,27,50,36,43,46,44,19,26,19,50,27,2,17,14,12,34
43,40,8,44,42,31,17,44,18,19,34,36,12,16,36,27,16,37
30,35,20,35,37,4,38,44,34,1,51,1,34,21,9,2,18,39,7
26,18,20,15,37,40,8,21,9,5,7,44,3,34,41,44,17,8,2,36
9,42,44,25,45,47,13,16,50,14,33,26,47,22,19,26,21,38,35,46,29
25,51,9,1,19,35,16,9,9,7,22,45,1,51,6,7,2,1,27,26,11,8
20,11,17,10,2,3,10,3,40,51,34,16,14,51,13,24,49,31,44,17,18,9,13
22
7
28,34
10,30,29
5,22,31,30
48,44,30,44,45
41,6,16,7,13,17
19,39,40,6,32,40,41
36,46,3,14,36,14,8,49
9,39,27,46,44,27,40,51,6
6,29,41,3,49,19,38,19,5,50
5,39,38,41,44,15,1,30,6,24,13
5,13,14,33,40,7,39,9,34,21,40,22
30,34,13,16,12,3,22,50,27,35,42,9,19
20,39,22,51,39,2,43,12,3,19,41,10,21,25
33,33,42,24,17,10,13,7,25,28,9,42,16,13,42
2,4,32,17,23,31,27,35,26,2,32,10,3,50,38,19
20,44,45,48,15,45,50,40,5,15,41,18,34,48,35,45,26
43,30,20,17,6,31,24,18,20,7,45,23,29,48,20,10,18,38
50,16,16,9,23,19,50,22,18,42,44,44,34,3,5,38,23,25,6
36,21,49,36,16,14,36,31,6,51,37,47,38,48,24,13,5,43,23,20
33,5,24,25,15,47,48,6,18,25,38,4,26,34,27,29,29,29,7,32,4
27,8,2,10,36,16,13,12,25,16,12,31,16,17,46,40,34,6,25,29,25,14
7
49
45,45
51,26,22
49,30,43,16
45,41,17,3,12
29,6,40,17,39,20
35,1,10,4,41,45,45
12
2
15,51
33,8,51
38,3,16,38
28,22,31,40,17
31,31,7,31,50,12
44,8,50,47,34,46,3
3,36,40,12,43,23,31,3
15,39,37,46,2,46,23,25,7
10,14,16,10,1,16,49,50,42,12
49,49,40,47,3,2,49,44,32,41,29
11,25,16,16,12,21,42,19,38,21,42,41
28
33
30,51
32,6,21
46,50,6,49
50,6,6,33,29
31,47,39,35,37,32
25,20,30,8,36,49,29
8,49,29,38,14,20,22,15
8,1,49,11,27,23,11,17,42
41,18,40,23,35,50,30,6,26,31
37,47,9,13,32,38,43,19,9,31,21
12,17,47,26,49,11,19,17,10,7,4,19
35,10,48,43,48,37,39,5,13,30,4,45,6
19,18,38,47,41,1,27,19,23,44,27,24,28,35
26,28,26,50,41,11,48,18,12,21,45,13,46,50,9
3,51,33,11,34,39,49,2,34,20,34,21,4,13,40,34
24,21,10,7,14,37,11,41,43,44,22,43,31,14,5,32,45
51,9,3,37,9,19,6,15,6,30,50,14,43,41,39,8,22,10
40,6,30,8,39,19,33,23,19,6,12,11,27,1,25,3,48,28,47
18,19,11,42,25,15,5,34,36,25,49,29,2,11,11,39,27,24,34,49
38,17,14,27,3,2,17,5,3,23,42,45,4,15,14,10,44,17,2,29,4
1,32,41,23,32,2,38,31,3,9,25,17,45,4,37,48,44,2,23,17,34,15
32,4,40,43,18,44,42,14,45,43,6,23,36,16,16,28,37,4,13,18,48,26,38
31,17,30,6,8,18,2,1,43,19,48,30,23,15,50,31,22,44,27,39,42,41,49,8
51,21,39,43,49,24,20,36,48,9,32,14,17,28,6,33,5,8,11,27,47,4,28,6,45
19,21,49,21,30,7,46,6,33,29,6,37,2,9,36,21,7,14,42,43,28,11,28,42,26,13
18,29,7,8,41,21,18,2,20,3,20,13,16,4,34,22,43,6,20,39,50,12,33,18,22,50,27
36,42,17,45,33,50,21,16,9,2,22,49,3,32,5,51,44,5,10,18,6,27,35,25,5,50,24,34
24
51
49,31
19,13,7
8,38,9,29
22,5,51,31,38
22,51,51,42,1,7
44,24,32,3,40,9,30
11,13,14,34,30,14,15,11
23,15,18,29,41,31,44,39,35
26,21,49,46,29,51,10,27,45,21
10,5,43,6,50,51,49,17,34,21,7
51,20,39,13,49,21,25,20,12,15,16,31
17,37,30,6,5,11,5,22,6,30,25,44,30
48,50,7,11,6,47,18,41,14,14,50,41,49,11
35,26,32,10,45,36,43,7,24,12,34,44,49,37,22
41,29,28,6,7,42,7,50,35,33,3,37,6,35,37,18
23,31,50,44,40,13,22,31,41,25,34,42,38,11,2,16,50
38,51,17,8,32,32,17,42,33,50,19,19,33,19,46,14,15,32
8,24,4,40,47,3,11,45,5,15,7,13,49,51,18,7,14,3,40
21,44,31,5,49,34,39,21,49,13,17,25,5,1,36,29,9,5,25,32
12,26,42,23,48,35,38,32,18,18,22,21,3,38,45,20,17,43,23,36,22
14,24,40,42,29,38,34,32,32,43,2,46,35,19,32,19,20,21,28,48,3,36
31,26,27,41,40,20,22,1,3,51,31,32,22,44,11,36,21,4,33,34,31,33,37
24,4,21,41,22,21,35,47,39,4,25,26,30,16,27,45,9,29,30,14,19,3,44,18
17
35
12,40
13,24,3
18,12,5,21
20,12,4,39,28
46,43,32,4,12,7
42,15,36,33,36,44,37
36,39,17,39,4,37,27,44
49,47,35,11,5,14,18,15,46
43,36,32,44,51,24,50,44,46,45
25,39,7,26,38,29,29,12,17,30,22
33,45,27,23,25,7,31,37,21,1,43,2
51,27,11,23,10,38,19,43,48,42,22,26,44
37,35,49,4,5,40,27,16,20,8,50,1,48,32
47,33,6,18,12,31,37,11,37,37,27,34,36,34,15
10,48,30,7,43,20,51,8,50,10,36,3,3,41,5,2
34,21,30,3,36,3,6,1,14,5,14,37,32,36,37,29,24
18
44
45,41
1,47,51
48,31,20,38
40,17,34,30,28
3,18,8,20,16,21
1,39,3,25,34,49,18
1,4,42,29,2,9,43,36
6,11,42,29,32,20,34,43,14
16,2,9,32,18,9,4,29,8,50
4,13,18,43,49,46,34,8,3,33,9
5,35,13,15,44,20,14,13,10,30,12,20
42,2,9,39,47,34,1,29,38,50,41,19,18
24,39,11,37,48,9,44,37,28,41,7,41,18,33
20,36,8,3,27,1,45,26,17,4,44,27,16,26,21
22,12,35,36,27,8,4,13,37,27,17,11,4,3,22,9
44,43,24,23,7,17,40,29,44,2,38,28,22,25,9,22,8
18,2,42,50,22,2,37,38,35,42,34,24,33,23,38,21,38,4
6
38
28,46
30,31,9
3,22,45,10
40,47,13,31,37
22,27,47,41,6,18
29
18
48,20
43,22,26
44,34,17,18
36,31,45,13,34
40,34,16,7,50,30
24,27,28,9,35,42,42
39,11,4,33,41,2,48,44
9,10,29,11,20,8,48,49,7
40,7,5,51,24,28,28,19,5,11
19,1,5,42,44,23,33,44,1,21,46
9,31,1,28,1,43,43,17,28,16,5,23
30,42,49,45,44,20,40,24,8,24,51,25,2
4,3,50,20,7,43,6,37,13,5,47,15,7,29
44,5,23,51,14,29,3,35,14,23,14,39,25,19,6
4,40,30,27,14,17,50,26,17,34,49,7,11,28,9,13
6,43,26,37,50,9,30,41,6,30,14,11,24,40,47,22,44
21,2,42,31,50,38,8,51,7,24,39,47,49,37,6,38,34,20
51,48,35,10,38,4,48,30,28,30,32,31,15,37,15,12,7,47,22
47,26,4,9,7,39,14,32,33,25,6,21,31,35,38,9,4,39,33,33
42,15,14,16,15,36,6,17,28,45,11,51,33,50,38,6,50,22,23,45,7
12,27,50,49,22,30,3,51,25,35,24,12,48,33,16,22,50,13,10,18,48,19
37,44,13,29,41,35,5,44,48,15,26,41,33,44,34,36,3,17,1,4,10,47,3
51,30,23,46,23,32,2,6,31,28,35,34,48,49,18,14,12,9,38,1,41,3,1,26
16,1,16,5,30,43,37,43,45,50,14,17,7,17,45,46,15,33,47,32,31,23,43,48,6
32,46,37,31,11,29,45,25,6,42,7,21,21,45,25,26,41,4,2,45,47,10,16,3,21,47
20,36,3,46,12,45,35,4,17,9,50,45,5,50,12,50,49,27,14,25,23,29,41,12,34,41,15
50,23,19,48,40,17,47,48,1,13,8,20,3,51,39,29,34,30,12,13,18,30,26,48,43,7,11,44
34,26,2,30,48,12,24,20,13,38,35,40,20,10,16,35,49,37,22,27,40,28,39,19,15,33,38,2,29
6
31
33,6
7,36,43
42,18,18,41
51,51,18,37,7
40,41,28,22,18,32
12
45
23,8
1,2,44
9,9,29,41
31,29,1,24,15
37,37,45,46,8,3
44,3,41,38,39,50,8
39,50,45,21,37,33,31,34
17,10,40,4,42,14,49,50,39
22,38,13,34,34,31,49,39,1,28
7,27,46,24,23,12,20,11,22,20,31
19,41,44,22,17,25,49,43,33,19,47,31
14
50
13,9
10,33,15
20,32,14,6
2,43,33,28,8
28,19,25,10,19,11
13,5,4,22,39,46,12
6,1,42,10,15,50,21,25
50,4,1,28,16,14,50,51,39
14,7,40,40,28,19,39,3,15,8
21,36,14,28,49,48,40,33,8,14,31
29,21,8,23,46,30,50,38,30,11,30,1
5,5,30,10,13,2,38,15,36,26,36,1,21
39,18,15,10,18,16,41,40,3,29,37,45,33,33
13
40
20,2
9,37,6
17,24,20,30
19,31,19,13,32
40,37,24,5,31,51
17,14,14,43,7,6,18
34,16,37,17,51,32,3,33
24,51,35,9,49,26,11,19,3
12,37,21,27,1,21,32,8,33,33
5,5,41,13,6,22,8,30,17,38,44
22,16,26,19,29,27,8,30,17,15,34,7
38,14,44,20,5,22,24,3,50,39,6,36,12
32
36
47,14
32,30,45
50,31,33,5
13,10,25,33,19
39,26,27,12,7,41
23,22,7,21,31,43,38
32,22,16,34,41,13,11,33
9,42,20,5,23,2,48,24,47
12,42,2,10,30,27,21,20,28,44
46,5,14,47,7,19,36,11,45,17,39
20,1,13,8,43,38,30,24,10,32,34,42
23,3,37,17,14,30,21,28,5,21,6,33,13
38,22,28,15,39,21,39,17,34,34,35,6,37,31
5,10,42,51,35,43,51,32,31,18,4,32,9,26,29
11,25,48,42,29,23,32,23,7,41,8,50,45,16,14,43
16,16,49,46,9,34,28,26,10,41,34,18,11,30,43,49,26
20,34,25,46,9,5,22,44,38,43,43,27,28,31,37,7,16,37
15,20,20,39,25,42,33,2,23,43,23,14,40,1,22,10,39,29,16
10,49,2,41,10,16,48,37,8,13,28,31,28,18,44,18,36,10,47,11
8,37,41,16,41,26,29,7,28,9,40,49,17,30,43,11,50,47,5,19,38
49,2,25,35,41,16,4,29,47,49,35,30,25,18,32,21,6,14,16,33,7,50
20,29,39,4,23,35,16,10,19,40,20,28,10,10,4,14,10,45,40,32,10,36,24
10,23,37,13,12,22,45,41,32,33,6,45,39,22,26,46,12,40,9,51,27,29,35,13
8,35,47,45,24,24,47,49,47,8,39,25,38,43,19,37,15,28,20,49,44,19,49,46,51
48,9,36,23,31,25,23,34,4,38,17,15,45,10,30,16,12,36,42,47,41,39,19,19,2,10
14,18,9,40,22,51,31,7,34,47,11,20,12,31,37,25,12,24,36,17,1,4,36,47,23,34,30
13,40,25,22,12,6,23,45,38,21,13,4,35,46,15,51,40,34,41,44,2,36,29,46,30,42,43,4
18,13,29,28,2,33,32,6,50,5,4,27,1,27,25,41,26,41,14,24,11,3,28,12,42,49,16,9,4
25,36,26,5,27,16,37,30,38,45,35,47,15,29,18,44,2,26,17,22,3,35,40,34,6,37,3,3,16,24
39,24,38,22,44,33,15,14,16,46,25,1,17,18,42,24,16,11,35,51,44,26,8,4,16,4,12,42,32,1,3
47,11,27,14,37,29,26,8,40,17,46,21,29,38,41,2,17,10,42,19,35,7,31,12,4,35,27,6,12,46,16,38
16
9
16,42
41,18,2
28,31,2,49
28,38,47,5,27
44,51,9,44,41,48
47,10,28,51,15,10,18
12,12,26,28,21,48,20,44
17,47,22,19,34,51,12,48,17
9,31,7,24,47,26,39,23,17,39
5,33,21,30,27,47,6,31,34,28,16
50,15,42,25,29,1,39,36,12,31,50,19
15,42,32,34,16,28,1,26,43,8,37,12,7
14,23,6,4,13,22,22,1,28,32,23,35,51,44
21,17,50,45,23,43,9,2,16,24,45,29,29,8,8
34,6,24,44,9,6,30,7,9,46,15,6,5,15,14,23
9
2
33,44
50,42,18
15,40,7,18
38,40,6,2,8
44,40,21,9,4,33
50,4,51,4,20,27,3
11,26,19,48,8,4,44,22
40,49,27,1,24,26,21,47,15
11
2
50,25
32,45,2
35,48,42,51
18,15,33,51,41
35,25,44,8,45,50
10,22,46,36,19,10,50
49,49,11,37,15,45,20,4
1,5,12,43,8,22,24,29,49
36,22,31,12,35,29,42,8,13,20
42,47,35,33,36,51,38,4,30,35,8
34
8
8,14
28,40,51
46,32,26,30
7,9,15,5,45
45,5,39,21,43,24
42,12,4,39,25,32,15
37,35,14,35,34,10,20,18
38,34,44,5,26,39,39,19,1
36,49,10,37,6,21,31,1,9,37
45,33,28,28,32,13,31,21,19,47,36
51,27,23,16,42,51,18,14,3,38,45,6
47,9,10,17,25,22,45,36,14,17,44,41,5
10,15,10,11,42,18,10,36,43,45,13,30,43,11
26,1,29,14,13,14,47,37,5,12,43,7,7,35,13
9,32,26,3,38,18,27,48,5,12,30,18,48,27,17,18
5,11,44,48,29,43,25,37,3,50,28,17,45,40,42,29,4
3,6,32,47,8,42,20,2,16,8,21,42,30,20,44,50,21,37
34,43,17,49,32,30,9,35,44,16,40,31,13,45,1,16,31,9,11
26,27,2,26,16,38,27,25,49,2,47,37,28,32,5,31,2,16,48,1
6,45,51,25,48,43,33,37,23,21,5,19,47,19,19,30,43,1,24,10,16
47,40,7,42,17,2,8,21,1,13,12,19,5,11,5,44,35,29,21,10,20,45
25,7,46,28,37,23,47,48,28,49,15,3,30,18,1,5,8,30,31,30,39,31,43
15,5,31,38,51,42,17,11,39,9,37,23,43,16,38,36,2,10,34,34,13,49,29,41
37,23,48,5,1,46,16,3,19,42,15,14,1,15,29,3,31,15,44,33,48,37,44,46,18
19,22,24,14,21,22,22,21,51,50,33,14,31,37,51,23,13,9,24,20,19,16,46,24,10,38
33,10,14,51,43,15,45,23,26,22,37,25,32,49,30,48,10,4,43,13,51,14,2,22,47,8,17
41,51,23,10,7,31,7,32,32,43,34,4,48,35,6,36,21,49,16,4,7,31,34,19,10,43,19,19
23,33,19,42,19,9,1,28,12,19,42,19,1,50,13,34,17,10,21,22,14,21,48,4,47,9,36,50,27
27,26,14,16,23,30,23,28,12,46,43,6,19,46,33,27,28,12,41,35,40,11,19,37,44,29,18,30,21,35
31,22,38,47,50,39,36,29,40,35,32,40,2,46,44,44,35,8,25,34,51,32,1,14,43,50,16,24,45,41,41
38,50,37,25,39,12,30,7,31,4,22,40,45,31,14,39,12,35,22,24,5,27,27,9,15,25,6,3,14,31,51,38
4,4,47,19,45,25,20,21,31,11,19,32,14,23,24,19,17,21,23,11,27,28,26,31,6,18,39,4,3,37,42,30,35
13,17,46,23,37,24,41,44,47,24,21,35,34,6,34,21,13,44,33,14,2,19,35,29,34,29,15,39,45,23,45,2,23,42
28
43
30,16
28,25,16
26,32,4,2
42,26,49,51,25
13,12,13,47,42,35
39,6,11,10,34,5,25
51,11,50,30,36,32,29,24
8,51,1,34,11,44,14,20,51
18,40,43,11,17,45,1,37,2,3
17,13,5,13,4,23,48,25,43,49,44
23,7,14,5,8,12,37,3,34,5,9,51
29,18,19,47,24,45,31,2,2,43,31,5,37
51,15,5,28,13,5,1,33,13,15,2,3,47,29
49,22,27,11,35,49,35,25,22,36,20,51,42,14,17
43,32,20,29,21,42,11,44,31,24,33,42,12,24,32,21
44,2,26,13,2,20,39,26,9,48,47,49,43,39,25,31,48
28,5,26,50,38,28,49,20,50,11,41,40,48,14,31,14,43,33
11,11,8,44,36,50,29,19,16,14,31,34,23,26,33,31,5,31,41
10,9,16,25,2,1,18,50,38,10,42,7,27,49,4,11,36,7,49,31
3,30,7,29,11,12,12,31,15,14,30,45,23,23,33,45,5,43,21,16,35
31,20,49,23,12,35,27,15,6,33,31,15,45,3,34,19,42,23,2,33,49,7
9,26,38,38,39,26,20,31,15,20,31,10,49,44,28,26,5,3,41,21,32,19,24
35,1,4,13,9,38,2,23,46,6,21,43,28,1,30,50,25,8,46,6,28,16,25,47
19,3,30,31,9,31,22,18,16,24,51,46,30,25,31,23,32,5,7,44,44,6,34,38,16
30,26,12,51,39,8,19,35,32,24,11,14,37,28,8,19,7,30,13,51,32,51,39,17,43,39
13,44,31,44,48,18,17,49,19,18,6,25,31,45,43,26,48,20,25,50,35,32,40,16,42,42,33
42,19,38,23,20,41,32,46,1,46,32,16,42,17,51,10,29,1,9,35,40,14,41,42,4,30,39,5
25
22
49,9
21,48,39
33,30,34,28
31,1,7,47,39
26,14,8,28,20,16
1,43,37,19,31,14,44
17,17,43,12,19,16,44,3
35,36,15,34,17,49,20,43,9
29,43,36,34,15,48,11,49,47,27
16,8,16,20,46,28,23,23,37,49,51
4,28,27,21,20,44,19,17,32,28,30,15
39,13,39,36,8,39,18,19,21,41,33,22,2
33,6,45,16,20,34,20,10,34,9,19,29,23,34
36,38,24,5,47,21,3,43,10,48,16,37,7,49,13
12,42,50,12,26,17,34,51,47,19,33,39,2,33,20,13
28,32,18,35,20,5,51,44,12,10,21,8,38,15,28,27,30
37,23,36,8,15,35,38,19,33,48,44,1,6,39,1,6,11,50
46,7,19,33,1,46,34,37,46,47,3,25,11,20,44,15,30,10,17
5,28,46,6,29,6,7,15,33,10,21,50,11,33,13,20,30,40,15,30
16,9,36,40,37,11,41,40,45,26,28,35,48,22,1,30,16,44,28,11,42
32,43,9,40,27,5,38,35,26,49,23,40,10,40,38,47,16,34,18,18,11,39
37,31,29,28,27,1,32,21,33,47,39,34,4,10,11,9,10,11,16,39,48,8,10
37,14,43,36,7,47,37,50,6,29,37,10,33,20,9,39,33,15,33,48,14,24,38,16
10,43,46,36,48,34,16,9,13,29,34,31,43,33,46,24,6,15,49,22,7,37,4,13,47
22
10
51,45
25,30,17
51,11,4,36
36,3,47,6,41
36,43,21,1,24,19
1,10,5,13,44,40,23
6,22,12,2,37,22,6,9
40,14,32,47,44,47,6,42,39
28,18,6,30,18,14,13,21,24,17
40,35,1,36,48,13,15,33,24,43,35
27,23,33,12,51,28,38,25,13,50,44,43
16,3,46,30,37,8,5,33,38,27,12,6,41
41,15,11,23,28,17,34,23,36,42,1,46,41,14
34,47,5,17,32,51,32,33,31,43,2,5,7,37,19
7,37,45,44,27,9,13,32,27,15,13,19,5,45,46,12
37,12,15,22,2,17,47,35,14,9,25,37,18,36,45,41,2
37,10,45,43,25,17,32,48,45,4,3,18,44,38,10,9,48,19
2,34,35,9,51,21,20,22,10,34,13,1,45,33,4,42,32,9,6
48,38,2,26,37,40,21,24,9,33,13,40,34,26,11,11,40,6,15,36
22,35,1,15,5,16,48,25,11,17,49,12,42,16,37,3,17,8,43,11,4
20,9,24,31,37,15,45,25,2,50,24,9,38,13,8,33,20,15,46,15,22,25
15
15
6,23
51,26,35
39,23,37,14
1,34,51,47,8
11,10,33,45,51,51
33,37,17,38,6,43,41
17,20,27,8,4,32,8,37
35,50,7,22,37,44,41,38,23
6,25,20,2,13,9,37,38,13,11
4,9,42,21,16,46,16,25,18,49,28
11,32,9,13,24,16,29,25,35,1,34,21
8,50,49,16,19,16,7,15,4,4,47,24,24
15,31,47,50,35,44,41,13,11,40,2,2,16,4
43,31,25,19,1,46,37,38,14,20,39,34,28,47,26
8
39
1,4
39,23,41
2,14,45,51
51,29,40,4,45
9,49,48,22,22,16
38,9,47,17,14,35,48
24,5,24,6,43,38,35,29
15
7
14,3
7,24,46
40,12,49,20
9,4,36,27,35
34,12,3,22,45,19
23,3,11,44,21,23,17
30,15,29,11,27,26,29,17
8,22,25,45,12,20,48,8,8
23,4,31,21,10,23,40,12,24,5
24,9,50,50,10,11,32,5,27,45,33
36,8,9,25,10,10,41,5,1,31,4,48
15,44,30,8,27,15,44,44,4,51,27,41,36
6,14,31,34,11,8,36,11,10,13,37,16,51,49
28,37,32,15,13,18,39,50,21,16,15,35,18,41,39
32
33
8,40
13,18,34
47,36,44,25
6,39,33,1,16
20,14,22,44,25,34
7,50,48,33,15,19,31
1,48,34,44,6,32,24,45
29,29,7,18,10,5,21,11,46
51,44,12,34,7,8,40,46,44,7
36,34,22,25,26,8,50,6,6,34,16
27,35,38,29,24,5,38,14,45,50,3,35
19,51,8,7,34,23,50,7,10,10,5,15,5
43,30,35,31,20,8,16,31,41,8,27,26,17,41
41,6,38,11,38,17,29,35,17,17,6,35,11,47,42
16,43,43,45,32,14,29,30,37,12,10,39,38,40,2,21
43,27,40,34,8,51,13,3,3,40,2,46,39,51,17,46,25
45,34,24,20,15,17,47,9,14,5,19,18,13,39,18,19,28,44
32,34,44,3,13,2,22,24,5,14,37,45,21,16,18,28,40,45,40
38,39,15,2,4,49,35,21,31,2,48,27,10,43,29,49,46,24,36,22
2,21,41,18,39,5,35,19,32,38,40,42,26,47,3,7,46,49,17,29,16
40,39,51,50,46,37,39,7,16,39,36,42,5,35,10,32,11,36,16,25,1,31
7,33,12,13,31,40,43,45,47,36,19,45,51,32,42,28,37,13,4,27,35,13,32
11,12,6,12,29,46,37,21,28,12,32,24,32,32,21,2,25,5,41,22,39,49,2,24
7,50,46,47,40,35,21,51,36,1,46,10,45,17,42,26,34,24,9,10,46,1,34,27,40
42,50,17,44,35,30,22,33,18,20,9,45,51,16,39,7,4,42,17,38,13,39,18,18,16,39
17,8,6,13,31,35,30,25,40,15,24,44,47,16,46,20,29,38,5,46,18,35,8,10,34,13,44
43,30,1,19,11,9,15,13,25,13,18,2,39,6,17,8,19,21,24,3,44,41,2,30,15,11,40,23
5,31,21,47,16,10,29,36,26,12,43,14,11,51,6,15,37,8,32,33,22,51,50,30,48,18,46,12,9
2,5,20,46,4,44,14,12,22,9,23,15,16,33,13,30,10,17,48,2,19,34,32,37,45,27,51,48,23,31
18,48,20,22,36,15,16,48,42,12,7,18,30,50,34,4,49,13,3,43,30,27,30,21,10,25,5,17,11,42,14
46,30,24,27,9,35,1,47,12,3,9,12,39,7,29,36,37,29,35,11,50,24,14,15,44,50,45,24,39,19,39,1
14
33
35,50
12,27,29
40,45,51,5
13,13,24,28,19
40,50,3,4,39,33
48,18,5,21,12,28,42
36,32,44,42,28,11,46,11
34,32,36,40,10,44,45,15,1
34,1,8,3,41,24,30,43,23,27
18,50,21,30,6,31,42,50,18,27,41
32,45,45,27,20,14,33,4,34,5,6,28
50,15,19,48,46,28,12,12,1,3,45,38,42
33,44,8,32,11,39,22,49,43,8,43,7,21,36
21
38
51,41
44,32,3
11,22,46,43
51,16,20,49,46
6,40,46,49,44,23
3,5,29,45,16,8,31
17,25,28,1,2,11,5,12
7,49,20,5,1,40,9,27,39
1,43,14,26,37,11,28,2,21,29
38,15,37,22,27,18,4,4,38,12,38
49,14,43,49,41,33,51,16,1,6,11,3
28,2,10,3,33,10,6,4,29,8,32,25,25
50,50,13,40,6,2,10,24,42,25,21,20,36,22
38,47,44,35,39,30,28,19,27,27,43,8,11,30,32
36,2,33,24,20,15,8,4,16,11,22,38,22,41,15,51
12,46,18,5,38,10,31,33,14,11,31,7,27,12,45,7,19
22,8,37,14,38,2,13,51,43,28,6,2,36,41,27,1,32,33
21,15,41,4,42,1,16,16,26,20,32,49,7,10,18,31,20,8,19
49,24,14,4,1,14,3,7,14,47,20,3,24,26,32,49,49,28,21,15
43,16,19,23,2,2,40,35,9,22,41,43,24,47,37,9,18,43,39,51,6
22
4
10,36
47,30,24
6,45,16,25
29,35,46,36,31
44,22,22,28,20,2
4,3,12,28,17,18,7
50,16,9,43,43,28,39,15
37,1,40,1,21,16,2,37,48
50,50,32,43,34,40,31,5,1,42
12,19,2,6,2,46,22,29,7,27,39
25,5,20,11,7,39,6,16,5,45,2,24
15,24,50,18,16,32,11,15,17,1,33,41,49
33,17,17,47,44,33,49,31,44,14,3,51,19,23
11,5,13,6,36,2,39,31,43,45,32,47,14,23,36
26,1,51,3,13,24,23,21,10,1,48,42,34,23,10,10
50,3,22,5,4,33,9,41,36,29,4,29,31,17,4,25,15
37,5,21,30,25,16,2,50,33,46,5,47,7,18,40,32,42,1
32,15,28,35,42,3,44,22,40,7,15,42,51,34,35,47,42,6,5
6,6,35,17,45,16,25,10,28,47,43,12,51,35,41,37,50,43,6,37
26,46,40,44,46,16,33,25,27,45,23,47,28,50,28,1,46,42,11,23,44
47,44,32,32,30,41,26,39,43,33,49,46,3,47,38,11,18,41,39,45,25,51
28
46
23,1
41,34,30
34,3,40,46
14,32,37,41,6
26,19,23,26,24,36
30,8,49,35,23,29,20
1,25,9,16,16,38,14,37
49,26,39,16,16,47,33,17,41
1,14,16,45,42,21,39,24,20,22
29,19,10,51,11,30,50,10,45,47,34
35,12,13,42,24,10,11,25,47,16,20,45
43,20,20,51,7,32,51,46,41,40,38,3,9
14,25,13,41,48,31,8,26,32,39,8,6,39,46
23,2,22,19,28,20,39,22,50,39,32,41,8,5,24
37,15,6,29,29,22,39,7,42,31,3,5,11,4,2,30
15,41,30,18,7,51,50,5,4,28,27,34,13,19,40,22,50
51,19,22,10,37,24,26,49,5,15,20,34,30,32,11,23,15,45
3,9,16,16,2,13,13,21,51,49,15,7,7,25,29,49,40,2,21
23,9,36,16,36,7,18,25,16,30,34,5,22,8,1,51,42,19,33,31
26,31,19,1,9,15,12,43,31,51,33,23,7,20,2,49,1,5,34,3,25
21,20,7,49,35,32,41,38,21,21,49,12,33,50,23,2,17,13,1,22,41,14
35,11,6,36,41,50,5,34,9,36,31,22,51,11,16,7,32,29,43,18,30,32,16
19,47,40,34,43,41,35,10,2,51,28,45,38,12,17,29,11,24,25,37,6,3,20,20
26,24,34,37,4,26,29,10,21,44,22,46,25,43,30,14,35,33,31,13,8,49,37,33,8
6,41,18,17,7,15,41,30,47,3,23,23,18,28,29,5,24,42,47,8,48,37,16,19,40,9
28,23,11,27,41,33,9,11,48,42,23,33,7,47,34,31,42,4,10,20,7,36,15,12,12,33,27
2,35,49,14,49,10,21,28,25,36,48,48,36,14,19,24,35,4,40,2,7,7,37,41,35,37,4,51
29
16
41,14
15,17,12
45,27,13,43
13,15,50,20,41
4,40,25,10,10,22
11,33,30,20,26,15,39
31,5,6,15,41,24,11,10
45,19,23,1,37,39,42,51,15
23,2,31,1,13,16,34,45,10,26
8,25,40,41,40,23,25,10,16,21,29
44,29,8,31,50,38,16,22,18,40,37,11
24,40,20,6,3,33,40,8,10,38,2,4,4
39,5,32,3,41,26,25,10,50,33,11,5,16,11
25,16,36,1,36,47,40,34,6,19,10,38,19,9,33
9,17,51,23,28,14,12,7,9,40,1,35,19,43,50,12
36,34,5,8,40,28,41,2,11,18,22,11,7,38,47,24,50
44,29,8,5,40,25,8,26,23,44,14,12,18,34,9,39,28,40
20,36,17,43,49,22,46,27,39,28,47,16,30,44,37,45,19,9,39
43,28,27,2,39,14,45,17,39,22,27,13,49,41,2,1,18,45,4,25
24,37,29,2,1,10,11,27,49,36,49,14,45,5,35,1,21,48,37,46,33
42,41,20,31,29,2,26,14,4,6,35,31,51,5,21,41,9,42,18,4,30,38
36,1,49,45,42,38,48,41,36,25,40,22,44,3,14,28,6,24,28,25,43,34,7
46,10,49,22,31,41,2,27,17,25,49,22,42,6,37,21,47,47,39,50,26,43,26,16
5,14,11,41,5,46,21,18,33,45,20,47,36,33,21,24,44,1,5,22,17,21,48,30,45
9,6,35,16,37,8,10,9,15,19,3,21,4,12,48,16,31,24,15,16,18,37,28,36,27,42
17,42,39,15,4,19,3,37,24,11,37,42,40,33,10,51,36,26,21,12,42,5,7,11,41,44,32
1,18,8,28,29,46,45,18,40,34,35,4,25,38,2,16,36,19,24,28,43,21,11,38,48,43,29,38
42,6,49,33,24,37,12,14,42,39,27,34,9,31,4,42,10,17,47,1,15,27,46,26,45,46,26,19,35
9
15
28,16
48,15,28
43,32,16,37
45,46,27,2,11
9,32,19,2,26,44
47,30,3,23,41,49,17
15,16,7,22,46,44,39,45
26,51,27,40,46,38,2,10,17
27
43
1,34
50,35,41
4,6,37,32
35,50,31,24,9
36,21,35,27,27,21
1,18,24,41,8,35,47
32,25,7,25,51,15,6,2
33,43,46,34,19,42,43,27,33
14,40,10,47,10,3,35,51,31,31
10,44,29,8,26,43,6,8,1,17,39
24,14,49,11,22,15,51,9,42,37,5,49
26,32,9,38,49,27,4,13,17,17,1,9,7
45,25,35,17,7,24,27,12,40,31,3,17,21,19
48,3,1,6,20,19,35,48,43,18,3,40,47,4,13
21,31,17,35,30,30,17,43,15,33,20,39,29,31,18,42
23,43,6,24,20,49,8,43,18,42,1,42,42,4,50,24,16
19,16,18,13,39,4,16,37,4,51,31,16,51,27,47,5,32,35
39,4,38,15,1,40,5,22,1,14,12,12,45,36,9,48,30,51,48
44,6,26,27,7,28,47,49,26,1,6,26,49,23,30,17,4,47,12,2
51,17,32,47,17,49,15,32,41,42,20,19,40,22,1,43,1,46,43,42,31
4,3,7,38,49,4,33,20,23,51,37,13,22,13,32,29,22,12,7,1,4,2
33,50,44,4,27,1,38,15,51,28,8,20,6,28,4,28,8,3,8,41,31,9,3
2,22,46,13,46,13,8,16,48,51,14,5,39,21,46,8,20,51,16,39,27,12,43,32
45,27,45,50,38,10,24,42,17,10,33,6,26,44,50,42,32,38,13,33,39,7,17,23,22
37,43,19,4,48,41,4,50,31,33,39,37,3,38,31,34,8,45,43,16,3,12,20,41,3,3
2,8,47,7,19,40,12,10,18,2,31,15,44,29,25,30,19,7,19,30,32,46,8,13,37,3,27
26
3
37,49
14,25,17
45,47,2,23
2,4,33,35,18
41,12,48,34,44,22
50,48,31,2,23,31,27
35,38,42,29,38,19,18,48
3,43,13,42,1,22,36,45,16
22,51,25,35,35,27,27,51,51,22
13,19,26,5,23,28,40,4,13,50,36
44,33,44,13,45,13,41,30,17,34,8,17
15,45,47,16,15,23,36,25,45,31,25,43,23
2,29,8,1,19,20,28,1,39,33,50,5,34,30
12,40,49,25,4,48,10,4,1,40,46,32,30,41,31
34,9,36,48,47,34,9,3,14,46,36,43,48,14,15,43
30,22,49,5,44,35,34,50,9,41,41,40,51,1,28,3,44
24,1,17,11,16,11,11,4,6,18,31,35,27,25,8,22,42,30
50,20,33,4,39,32,31,2,19,25,31,43,13,33,48,12,48,42,22
41,26,17,1,23,50,15,13,50,26,28,19,10,8,31,11,13,44,14,44
20,21,3,9,48,9,10,48,9,4,30,3,47,14,7,32,17,18,41,51,29
32,3,2,40,3,16,9,8,8,9,35,9,19,21,1,3,24,5,50,6,38,9
50,34,51,46,51,14,20,45,34,40,51,8,7,14,46,5,44,37,7,9,46,36,32
10,48,1,48,1,40,3,38,5,44,9,35,11,42,13,29,47,34,18,40,31,29,23,37
16,1,34,42,16,51,46,29,28,51,50,19,41,43,6,47,40,39,19,12,8,14,14,7,3
31,23,35,9,23,33,37,5,23,17,24,42,43,31,43,7,45,19,11,2,29,12,46,6,11,18
31
47
48,28
45,12,48
41,3,1,33
16,9,2,6,29
8,19,24,4,24,42
20,33,17,18,45,6,25
14,2,10,27,3,41,44,46
10,20,32,13,43,38,44,30,13
39,33,37,44,38,28,24,22,30,4
48,39,27,10,23,32,45,18,2,32,45
2,31,1,45,15,12,36,47,28,49,5,16
6,50,46,36,5,5,15,48,14,27,37,35,7
1,43,21,21,42,12,1,35,10,4,29,51,5,11
38,50,43,23,31,4,41,35,1,25,46,29,24,24,18
46,45,12,41,15,11,31,3,3,6,36,18,51,16,23,8
23,21,27,22,25,42,18,35,32,51,47,46,27,26,47,25,45
13,18,24,48,22,21,34,23,8,36,28,10,10,9,25,30,17,10
4,25,29,44,13,44,42,31,36,7,29,51,29,37,46,11,37,24,1
9,42,14,37,30,22,39,2,46,32,20,33,12,7,40,40,10,33,34,4
44,31,5,50,23,17,28,41,14,2,10,15,38,29,19,4,22,44,46,48,23
7,22,15,4,18,33,24,35,12,25,1,25,17,31,28,2,2,41,41,6,18,26
31,48,39,47,2,10,5,21,15,38,16,29,15,38,7,18,21,11,4,6,46,12,48
32,44,50,39,6,28,32,17,51,12,45,34,14,34,9,50,50,16,20,22,36,30,21,40
4,19,28,44,42,15,24,7,45,38,2,14,23,3,11,12,47,1,45,40,7,47,42,20,12
8,11,46,40,34,1,29,35,24,48,29,33,23,21,37,41,19,24,51,8,40,9,41,30,2,10
42,23,51,8,37,24,21,27,25,31,41,6,19,34,6,34,27,18,48,35,16,40,24,37,10,45,9
40,8,31,12,28,3,22,33,9,1,32,37,43,37,18,1,27,35,24,2,21,41,13,51,16,15,44,11
27,17,1,23,23,44,15,28,19,31,40,47,47,34,30,19,6,28,22,4,24,1,32,13,1,46,16,9,32
3,13,35,42,51,17,8,47,46,32,37,12,43,41,23,19,46,27,18,13,12,30,41,18,13,33,14,35,16,8
31,28,47,4,2,13,27,34,49,15,47,28,51,31,28,19,28,7,29,13,24,23,36,36,49,8,26,9,15,49,50
31
33
46,42
37,11,3
40,47,26,11
39,37,16,48,8
2,34,43,48,2,26
12,46,26,41,23,17,32
23,7,22,38,27,17,19,20
47,14,5,26,30,39,42,40,17
43,49,17,7,23,39,17,40,26,9
17,21,41,41,18,13,4,48,24,2,30
42,27,29,35,13,33,29,34,35,45,1,1
37,21,22,34,36,7,42,12,40,23,51,33,40
14,20,16,43,13,5,40,37,7,29,15,16,26,42
3,7,36,8,33,18,35,32,19,16,38,51,4,37,19
3,42,15,19,18,6,20,36,44,15,22,49,48,9,47,44
9,33,22,2,38,16,46,41,11,29,25,1,8,8,16,3,30
30,26,40,19,44,12,25,41,2,32,27,25,20,19,32,38,28,16
24,47,14,32,44,47,46,41,29,16,50,7,23,47,26,38,16,36,48
23,22,38,33,46,1,36,4,36,31,35,32,49,46,14,23,50,10,37,6
13,31,17,7,6,33,24,50,31,16,12,12,7,38,23,49,39,26,29,19,6
45,29,25,37,4,4,37,6,23,38,11,10,25,4,25,49,19,15,19,22,35,40
16,39,25,51,5,33,33,15,17,44,43,29,13,24,48,10,21,38,46,31,50,20,6
6,51,23,18,33,15,15,16,51,14,16,38,48,17,23,4,48,39,48,22,6,19,3,26
26,4,4,20,25,3,37,24,46,48,39,12,45,45,38,39,16,5,16,45,7,18,3,40,21
51,39,46,2,48,18,26,12,49,6,50,36,13,50,43,30,48,19,48,20,37,45,39,18,38,39
16,40,22,43,16,13,1,37,41,17,44,36,13,46,18,28,46,22,5,10,27,2,40,50,37,18,23
8,27,4,13,39,47,38,10,10,17,2,13,8,33,47,35,5,24,23,51,21,30,49,6,14,48,43,7
45,28,20,12,25,16,21,7,3,29,29,23,45,1,44,4,5,51,21,12,39,32,27,25,48,3,41,29,28
36,13,20,27,4,37,31,25,15,27,13,47,28,12,14,12,21,27,18,7,31,1,17,51,4,7,10,35,37,49
42,34,47,11,7,18,37,36,9,39,40,24,21,48,19,33,37,1,50,15,21,26,9,24,16,39,35,40,29,39,44
33
1
44,4
46,51,22
31,36,6,32
11,13,49,21,40
44,37,47,36,43,50
10,16,42,39,12,47,48
9,19,15,51,6,26,41,34
17,19,4,3,31,37,21,29,35
45,40,51,29,28,17,14,25,40,31
30,1,22,38,9,50,50,7,15,29,38
18,9,9,4,18,13,47,6,37,51,9,14
14,46,6,19,15,43,43,22,39,4,40,21,4
50,42,16,28,24,51,13,14,39,1,27,48,36,35
16,17,46,1,4,10,4,33,10,5,42,39,25,34,33
2,4,26,39,43,21,17,37,20,3,15,40,25,35,47,39
29,30,50,39,14,28,23,41,42,31,20,43,43,16,3,33,33
17,36,33,15,3,2,9,42,29,29,42,8,48,15,18,12,2,48
37,51,33,31,49,51,48,14,5,8,33,27,31,36,8,19,40,29,41
30,30,41,31,1,29,44,17,45,17,39,33,41,30,4,1,22,33,41,12
20,29,19,36,24,23,7,17,25,29,1,40,36,43,48,36,24,6,34,36,10
17,43,37,28,25,42,48,47,22,18,5,31,42,35,48,17,33,44,1,13,45,22
7,47,41,24,22,4,19,18,51,16,6,11,46,23,49,8,26,19,51,10,12,13,28
14,18,20,3,46,39,29,31,47,15,28,19,21,42,19,16,46,19,46,11,10,45,35,22
24,19,3,42,39,13,26,36,33,30,10,6,2,3,13,45,17,42,25,12,12,50,34,46,12
28,26,27,44,40,47,15,28,27,28,11,11,39,49,14,21,30,12,17,13,2,3,51,38,8,30
1,51,38,2,22,13,26,33,16,2,38,48,28,6,33,26,50,33,5,29,34,30,20,5,51,23,10
33,49,13,40,49,11,6,4,16,21,10,48,10,35,20,12,43,30,8,33,5,50,37,17,4,15,14,10
27,41,12,1,45,14,27,51,11,38,4,46,48,49,20,47,49,24,3,20,18,21,5,11,29,37,40,35,31
35,10,18,35,30,5,24,13,1,9,22,6,43,15,12,46,9,5,47,29,47,19,38,1,34,46,26,38,44,38
18,46,41,46,15,5,4,10,35,25,2,9,42,42,45,19,42,10,6,1,28,33,45,10,49,9,19,1,15,14,9
25,49,27,29,30,19,17,37,46,4,16,34,42,22,22,8,48,25,33,5,39,4,37,51,21,20,9,32,12,22,42,33
37,47,19,14,11,22,23,48,3,36,46,30,7,34,29,10,7,23,14,38,22,42,48,5,20,34,2,6,48,31,46,45,50
26
6
26,14
8,36,32
27,42,51,18
17,27,22,15,22
48,12,42,35,9,22
39,4,29,37,41,5,30
15,3,22,38,21,43,33,39
34,24,39,3,38,30,37,30,36
6,7,41,31,14,28,47,34,27,45
32,43,7,17,28,26,20,37,13,7,44
19,14,36,1,44,48,6,50,34,48,28,21
45,42,11,6,4,1,18,15,16,13,33,46,36
25,46,48,23,8,32,41,16,20,51,25,9,11,27
17,3,2,49,13,33,2,26,20,9,18,36,19,49,9
37,4,50,41,14,35,25,44,19,16,15,35,7,5,5,5
39,51,8,29,7,26,12,15,16,36,32,28,26,34,1,50,33
16,33,18,4,34,37,14,45,37,38,13,3,44,13,1,19,10,35
11,38,41,26,20,7,35,16,44,45,33,21,50,12,20,3,35,42,50
6,6,25,38,32,4,46,23,15,33,45,28,6,2,36,34,21,40,25,50
23,24,42,43,45,24,39,21,29,13,42,3,43,14,33,26,49,10,10,8,18
34,29,34,38,5,18,38,5,23,31,10,29,47,5,29,22,1,49,22,25,50,39
49,36,31,17,22,33,11,1,42,44,46,33,50,30,36,7,30,9,48,8,1,8,51
40,40,4,11,10,36,23,47,37,31,49,41,1,50,20,14,48,17,1,39,34,49,16,3
36,6,23,21,34,37,20,13,6,11,25,29,4,48,33,7,14,8,31,7,48,51,46,22,26
35,48,26,9,10,39,48,30,32,31,19,23,4,21,18,36,27,46,45,38,16,25,1,38,6,33
21
36
32,9
20,26,27
3,34,29,24
43,10,51,47,28
2,6,30,8,8,19
36,46,43,7,43,50,15
46,7,50,8,38,18,1,37
6,17,45,1,17,42,50,18,4
28,34,13,4,43,38,11,39,29,9
39,17,46,11,6,23,33,31,47,38,41
43,45,29,27,33,35,25,51,35,31,5,6
13,34,15,15,27,14,22,5,22,34,42,20,26
8,45,29,46,7,13,26,26,6,3,9,4,3,4
46,18,45,4,40,19,41,22,6,51,20,46,34,36,41
10,47,30,21,28,22,48,22,19,49,21,50,5,15,28,35
46,22,46,30,47,13,37,25,3,50,51,2,36,13,6,2,36
47,4,48,35,3,38,14,51,33,41,21,45,3,10,33,51,16,29
11,44,25,10,10,37,50,15,34,30,24,46,42,11,10,18,20,13,3
21,47,19,48,14,29,15,12,4,7,29,44,51,5,34,43,38,38,33,43
45,45,3,32,10,24,24,29,15,19,5,3,30,2,25,13,45,39,28,19,34
19
48
10,35
37,44,2
50,39,41,27
11,6,32,6,45
19,18,29,47,8,39
34,50,34,39,47,27,51
31,21,26,17,39,20,21,31
19,30,11,36,51,42,31,44,40
14,4,11,27,41,45,43,26,51,10
11,19,48,24,40,1,2,8,36,43,5
14,24,10,17,27,33,27,23,31,13,25,31
5,4,34,7,20,27,41,16,23,24,47,32,34
50,4,7,14,41,9,28,30,51,23,30,20,41,9
14,26,26,1,22,5,25,7,22,46,40,15,19,41,9
34,13,27,16,1,20,21,17,6,8,22,1,45,1,42,38
17,22,47,28,24,3,21,18,51,35,40,27,36,51,34,44,19
20,32,8,24,19,35,13,15,18,7,30,47,18,4,34,27,49,41
19,43,36,11,20,5,46,19,3,41,28,43,3,10,17,1,40,22,2
23
37
31,3
9,35,29
27,16,36,20
50,40,43,41,23
4,25,15,30,41,35
24,40,45,29,17,33,37
44,48,28,16,5,25,23,11
37,14,6,51,28,43,21,11,2
1,1,48,46,6,29,13,49,48,15
20,28,29,24,43,35,46,17,25,46,15
19,7,4,21,33,49,49,46,32,7,34,48
5,10,51,2,32,10,47,20,49,39,49,11,39
49,43,25,18,2,44,17,48,49,31,47,14,48,34
16,34,6,46,50,25,48,23,16,5,16,25,24,11,12
30,15,46,15,15,42,48,35,6,5,41,16,4,37,12,12
29,49,22,4,17,1,5,39,7,40,30,22,24,48,49,50,16
41,11,38,40,34,30,31,44,41,38,1,6,41,41,13,18,46,48
48,48,5,3,7,16,18,32,14,28,20,24,26,18,29,14,30,15,38
13,32,3,37,17,26,5,51,24,17,27,10,26,6,3,19,5,21,45,19
36,36,26,6,48,26,48,34,40,19,39,21,45,47,40,15,14,17,48,3,27
37,35,1,2,7,42,23,40,48,18,36,23,31,22,46,31,3,23,6,31,44,13
34,36,12,28,10,6,35,23,14,25,4,41,20,12,17,39,13,22,39,32,11,14,45
8
5
37,19
36,50,46
2,29,3,16
48,39,38,22,45
4,50,43,23,40,36
44,35,42,51,31,42,8
22,16,39,17,29,24,41,29
34
50
37,32
30,35,38
30,25,48,43
35,2,14,16,47
8,3,1,24,4,13
21,6,9,8,17,13,46
6,15,4,37,32,3,23,17
10,34,30,41,3,9,11,43,4
14,38,2,26,48,12,25,15,9,3
13,20,12,4,2,12,41,37,2,40,28
15,8,39,9,13,44,44,27,17,35,26,26
11,5,19,44,19,18,43,28,16,12,2,49,21
8,43,32,5,15,34,12,51,7,3,37,31,34,11
15,29,31,2,4,13,26,25,44,28,42,34,4,25,9
15,35,19,47,32,25,47,20,9,41,21,51,51,7,24,38
48,23,22,39,42,49,38,29,37,48,48,12,47,4,20,4,49
22,2,4,49,38,44,41,12,7,45,17,37,11,34,4,44,35,47
31,10,47,36,36,11,1,1,19,38,28,15,9,21,6,38,17,33,19
29,8,28,7,36,47,9,28,15,9,1,41,2,12,16,7,35,4,41,38
37,37,19,5,33,22,37,49,36,28,48,19,42,33,38,14,17,8,27,26,36
17,24,43,39,19,46,27,2,3,18,36,12,23,4,25,16,29,7,38,3,49,32
3,38,24,13,19,29,32,21,31,41,2,19,1,28,15,29,29,2,46,49,15,39,49
35,40,5,1,25,7,9,40,27,23,42,22,45,16,5,20,1,41,2,5,40,43,30,6
41,10,6,32,28,31,19,23,40,33,21,5,16,26,40,16,32,13,4,51,42,19,29,40,40
21,29,44,4,51,16,29,48,30,46,32,24,46,9,5,50,28,30,28,11,31,25,32,51,24,12
39,6,40,43,51,28,13,8,8,38,24,8,16,45,32,19,30,32,34,48,5,5,17,20,20,43,33
35,9,14,21,9,32,45,43,18,11,51,28,49,28,1,51,19,30,43,43,36,30,34,7,36,20,10,9
13,49,17,7,3,50,10,26,38,2,26,2,37,24,39,32,11,48,33,37,37,23,6,24,24,20,26,29,46
36,31,38,36,19,20,46,15,3,22,6,10,44,11,19,19,49,22,28,46,9,1,30,14,37,35,15,17,5,8
42,30,18,14,15,17,11,21,25,41,48,33,11,17,45,24,19,26,15,40,44,34,3,34,22,1,42,9,45,2,22
34,14,32,42,32,37,5,1,36,24,25,14,37,23,31,44,20,50,24,30,48,35,33,43,47,24,2,26,2,3,11,12
3,7,49,29,13,38,43,35,12,11,9,46,40,11,34,38,14,9,1,25,30,46,23,2,37,21,29,30,44,1,33,20,14
42,12,8,7,1,11,21,28,20,31,39,25,27,24,2,26,21,51,1,10,33,28,35,37,48,33,9,13,27,50,37,26,51,16
13
32
10,34
39,30,45
27,23,17,42
41,4,9,34,23
45,46,21,46,7,22
38,4,13,11,5,48,41
46,30,43,26,48,37,15,14
16,34,16,47,3,38,22,41,37
4,3,8,39,32,2,6,37,4,47
17,44,31,50,24,11,46,15,27,6,48
29,51,8,2,39,10,42,36,28,7,1,50
2,44,39,27,35,18,26,44,50,24,51,38,35
19
26
40,30
49,15,36
7,16,11,3
47,34,2,26,44
26,32,47,20,45,5
38,51,24,24,3,35,38
51,3,33,40,28,20,15,35
21,33,44,50,23,8,29,24,30
38,10,25,9,30,8,19,14,36,44
25,9,48,2,43,30,21,9,6,42,51
11,50,19,49,28,2,2,18,31,49,33,10
23,22,24,6,45,51,51,50,9,2,10,48,44
14,25,43,37,31,25,19,5,43,6,20,40,31,6
1,40,44,36,30,36,26,2,1,35,51,18,39,38,40
10,43,9,46,43,42,4,28,25,4,42,20,7,34,27,38
13,47,44,34,47,12,33,45,26,41,32,19,40,33,36,23,47
37,21,13,30,16,46,24,49,36,9,38,12,38,21,18,26,11,20
8,34,34,38,31,1,38,48,33,37,51,31,48,27,31,38,38,32,7
6
38
19,37
6,44,51
18,27,34,47
14,2,44,38,9
5,50,40,49,14,14
17
9
42,48
10,49,8
22,41,48,39
1,49,39,1,29
22,24,37,39,37,44
32,11,24,3,29,30,42
51,38,18,50,45,14,18,10
14,36,35,46,39,32,11,19,34
1,47,3,32,14,8,26,14,3,17
39,32,11,26,12,44,19,9,33,44,28
29,49,30,3,48,15,2,14,32,9,44,42
35,32,22,19,19,28,17,33,4,12,38,16,26
38,47,30,15,12,3,34,45,28,32,7,32,31,37
23,38,24,5,33,40,47,34,43,7,7,5,31,36,37
30,19,51,40,15,43,18,12,45,13,33,28,14,8,47,4
42,44,15,45,22,23,42,36,51,47,30,30,13,28,28,20,33
17
19
11,36
25,19,49
38,1,23,1
9,30,2,49,32
42,10,16,28,4,7
6,36,40,28,32,4,12
13,32,29,17,40,12,35,33
48,38,40,3,9,13,19,36,49
5,20,36,23,42,43,24,9,38,34
40,39,30,27,9,9,6,10,6,10,18
45,20,41,26,20,41,23,31,11,47,29,1
48,20,6,23,2,38,35,42,36,43,22,50,23
33,12,16,33,6,15,29,29,50,13,13,13,4,33
30,32,16,40,9,3,2,31,12,38,36,13,45,42,47
45,39,48,18,27,40,33,1,45,6,43,14,30,4,49,7
8,15,2,44,35,42,7,3,10,15,12,41,40,2,34,20,38
18
20
36,16
40,23,30
23,25,27,13
10,39,46,13,8
34,49,18,51,21,4
38,19,30,32,11,36,26
27,20,41,45,1,31,43,2
21,32,12,40,15,40,19,47,40
22,17,45,11,6,7,35,31,29,33
51,19,18,3,43,49,47,8,41,33,48
44,36,46,40,32,7,17,49,11,33,32,7
24,5,40,17,4,14,8,46,21,48,25,26,29
39,26,13,40,41,49,51,11,7,26,35,21,40,25
31,30,11,30,5,49,33,6,9,17,2,14,30,18,34
32,50,18,3,24,36,7,18,37,8,1,44,20,33,17,15
11,22,49,18,43,4,42,36,3,27,12,42,27,51,36,14,28
10,31,21,42,51,24,15,5,28,44,37,37,41,34,19,4,44,4
32
2
45,28
18,49,32
22,1,31,13
4,4,41,16,37
34,35,23,24,24,35
41,11,45,20,23,48,18
9,51,31,32,26,38,44,35
20,35,42,3,9,48,37,31,38
5,28,14,49,32,6,51,34,25,7
19,16,21,12,16,23,10,27,8,9,19
4,38,51,17,33,5,26,14,45,2,47,20
1,32,50,44,2,40,45,48,3,3,16,27,5
15,27,47,35,43,6,29,5,51,43,16,18,41,4
21,24,10,10,29,2,10,41,17,44,16,50,48,1,9
46,27,8,13,44,25,17,38,28,35,32,11,43,44,51,13
6,42,48,47,37,10,5,37,30,50,36,14,33,36,29,37,18
21,11,46,1,18,30,7,20,1,6,42,18,11,5,46,15,51,20
40,17,18,31,13,28,17,8,5,25,11,16,25,47,18,50,32,32,30
36,35,50,24,7,33,45,48,18,30,20,47,20,14,25,24,10,1,29,22
16,33,25,23,18,44,33,5,30,50,4,51,39,45,8,40,16,10,5,23,1
43,24,1,9,31,14,8,50,51,40,18,18,23,36,43,26,18,17,19,18,42,18
44,20,39,50,51,4,40,23,12,49,30,11,51,41,1,35,4,48,25,25,6,12,49
26,10,50,13,16,34,8,39,33,44,51,29,39,16,41,38,14,10,50,6,29,19,45,23
32,17,37,23,14,31,17,28,23,39,35,43,37,10,19,20,49,35,49,40,6,1,3,18,22
21,38,50,35,31,13,47,11,20,25,33,11,34,37,16,14,48,27,15,22,12,47,1,10,6,35
32,2,8,49,51,17,46,50,10,8,48,3,39,3,27,17,5,13,3,45,37,29,22,2,19,38,48
3,41,9,7,19,30,45,21,19,29,8,40,1,19,26,10,28,25,10,21,33,3,45,19,34,32,29,10
10,45,38,12,49,6,23,32,24,49,39,21,3,48,17,22,7,5,23,17,2,28,49,42,28,25,46,15,3
2,24,13,9,38,7,8,21,26,40,43,18,1,7,43,10,9,15,30,30,38,51,2,33,9,49,27,16,9,40
21,35,11,24,39,25,51,23,11,25,43,47,50,18,27,4,11,51,27,48,24,28,5,17,28,43,12,36,2,17,5
26,18,39,32,25,29,15,36,38,34,29,51,17,46,40,12,16,10,22,6,48,16,42,46,41,44,3,29,35,45,51,25
16
25
35,11
19,21,11
49,34,19,10
16,48,22,45,10
46,24,15,29,33,18
37,5,28,45,13,16,4
1,17,40,30,20,49,50,14
11,12,40,18,34,11,1,11,23
24,23,9,28,35,39,19,16,41,32
27,45,1,42,50,10,18,13,25,19,4
45,13,46,18,29,20,29,28,25,35,4,36
26,51,1,1,45,46,17,5,24,5,45,26,49
13,45,8,35,17,18,22,3,20,44,25,23,51,37
21,47,29,45,29,25,5,12,42,25,39,44,36,27,13
40,31,4,19,5,22,18,13,38,37,20,3,24,15,34,16
10
20
43,31
50,21,39
7,12,27,49
33,2,3,17,33
27,47,18,24,24,27
27,2,12,35,44,43,38
18,21,24,14,40,6,29,3
34,7,33,5,10,51,39,25,16
15,51,2,39,36,35,31,28,12,9
9
46
15,31
2,27,34
51,19,51,7
47,13,14,30,26
20,8,25,38,6,2
30,32,49,29,8,44,39
19,14,8,9,6,39,4,15
17,22,46,13,6,34,37,21,29
7
38
41,51
13,50,17
28,46,47,24
28,45,34,34,15
3,10,14,43,4,39
25,1,32,43,37,21,15
17
17
25,16
1,24,33
2,30,42,1
16,23,13,28,27
39,36,37,8,32,18
5,17,10,6,1,39,27
48,38,27,13,19,48,5,43
20,10,51,35,9,36,30,51,25
25,34,8,50,33,46,20,8,31,21
8,8,11,12,34,31,13,51,17,44,4
36,28,18,11,28,22,26,48,14,15,4,18
15,43,45,50,35,31,18,14,43,10,16,32,22
31,40,49,19,35,31,51,50,44,44,5,47,11,4
42,37,1,19,5,16,51,11,32,2,41,22,18,20,26
11,10,3,44,3,13,40,22,31,46,4,19,39,7,12,39
46,3,21,8,35,2,44,9,22,36,38,4,43,3,1,45,40
33
13
16,22
32,1,29
18,22,7,31
42,33,26,16,9
33,10,2,9,17,1
23,33,12,4,2,39,45
5,34,29,46,13,7,22,46
42,40,13,39,42,16,18,2,34
13,17,25,8,42,11,11,2,26,30
49,22,13,31,36,33,51,41,34,22,45
49,40,34,38,17,33,45,27,48,35,20,40
50,8,18,2,43,3,31,42,28,22,20,44,30
12,4,7,50,1,5,5,21,10,20,43,24,38,16
19,15,17,28,51,18,17,35,7,1,28,7,14,45,49
26,28,31,17,29,15,2,11,44,18,29,5,45,39,17,3
29,46,21,21,47,8,29,46,16,35,15,33,23,4,31,11,48
1,41,21,30,44,4,23,46,5,30,1,41,14,22,1,9,1,7
10,3,36,5,25,19,44,37,45,9,26,45,10,45,35,34,20,36,20
41,19,17,25,25,35,7,51,20,33,34,9,50,1,19,28,1,40,28,39
18,10,47,46,32,20,5,9,24,40,22,5,19,24,20,5,31,9,9,9,13
48,14,10,36,38,44,4,39,28,24,28,16,7,10,27,31,37,39,42,16,5,32
7,25,3,40,7,3,14,37,15,30,21,15,27,15,19,34,27,43,24,49,36,30,43
29,17,32,19,32,45,16,29,46,42,49,49,13,43,33,24,4,36,31,8,49,46,32,16
34,45,31,45,36,38,42,32,32,39,4,5,23,7,33,41,16,10,50,38,4,51,17,18,16
38,2,9,23,1,31,18,45,40,16,30,37,31,46,18,13,11,13,11,41,41,27,49,42,22,16
18,45,17,12,25,4,3,28,42,11,39,24,41,26,2,14,34,34,26,43,7,50,30,22,48,42,23
29,22,33,37,40,29,6,13,45,50,35,37,20,18,9,39,21,16,38,17,23,22,5,11,37,5,37,33
38,40,28,23,9,15,43,21,33,49,27,46,46,27,32,46,38,5,30,51,6,40,5,20,51,14,17,26,42
30,19,45,15,29,41,9,42,3,17,7,13,17,20,47,34,40,2,18,29,46,14,19,49,8,12,36,38,9,3
31,40,44,20,24,2,17,47,7,10,4,33,10,29,43,23,43,23,3,44,49,9,3,9,38,32,5,36,6,35,36
49,36,46,42,49,35,30,42,26,40,20,25,1,50,26,35,10,49,31,50,5,10,29,49,4,22,25,30,29,28,20,3
42,44,30,34,31,4,49,50,49,24,24,40,48,32,34,17,12,9,35,18,40,45,33,46,41,35,13,5,50,10,45,26,1
18
50
27,43
50,5,25
29,18,49,12
10,31,43,47,26
13,34,30,26,33,20
51,48,7,3,46,46,34
30,40,14,5,24,37,43,39
6,11,20,3,12,7,32,33,20
2,34,41,49,39,34,26,25,36,9
12,9,33,49,6,3,26,19,51,34,14
30,4,11,43,30,16,22,38,47,10,22,47
4,22,34,39,10,12,32,32,10,5,8,25,26
5,38,44,34,18,9,5,30,7,13,44,39,13,14
12,45,25,45,41,20,34,9,30,8,44,29,14,47,18
13,27,3,29,44,3,43,31,14,32,50,8,30,15,29,15
35,35,22,35,47,14,19,11,12,11,34,16,33,33,2,5,7
43,25,8,23,44,17,20,19,45,17,38,3,2,19,30,4,27,1
25
5
44,48
41,32,6
42,45,10,38
21,50,48,35,26
43,34,50,10,11,48
28,13,46,30,11,10,5
18,17,39,4,24,48,50,43
12,41,47,35,18,25,33,36,3
21,19,35,43,51,33,38,43,3,37
11,8,13,9,16,49,36,50,23,49,28
12,46,36,10,28,2,14,30,3,30,15,49
51,46,31,6,19,8,44,9,7,16,19,22,50
43,16,37,51,51,30,50,16,16,26,38,34,44,37
4,41,20,22,39,38,12,23,5,3,45,38,26,38,37
31,7,22,26,11,45,45,36,31,35,14,21,24,29,19,41
4,3,24,21,13,49,20,23,38,45,22,29,31,26,13,29,27
29,17,30,10,11,11,24,16,4,13,25,2,19,45,5,15,1,15
12,18,34,35,37,13,20,33,49,8,28,10,46,16,19,48,49,33,16
8,42,47,31,24,19,34,11,1,29,5,20,43,38,16,32,25,36,51,32
44,38,38,21,1,4,40,47,27,38,31,22,18,29,51,33,37,3,51,8,17
19,44,6,38,17,51,10,25,41,14,44,49,10,23,39,4,18,7,2,16,1,21
14,27,36,1,14,51,41,48,42,2,43,4,24,26,43,24,46,12,17,25,4,14,26
18,4,37,8,29,36,41,30,28,3,4,46,3,43,17,49,9,37,19,31,20,24,44,40
43,16,20,13,47,9,23,49,37,36,40,49,6,20,26,30,17,26,16,4,46,50,20,18,12
18
9
20,4
46,2,5
16,46,4,19
34,14,26,44,39
13,8,11,45,20,37
14,10,49,16,35,25,32
44,28,5,4,8,50,16,7
19,19,31,15,1,30,14,16,44
17,43,28,43,11,42,24,25,44,29
22,5,28,38,17,15,21,10,51,35,40
16,40,26,31,8,49,18,26,3,41,3,11
1,49,3,40,3,43,33,30,5,45,15,43,30
23,35,14,23,21,40,17,7,49,32,13,32,12,2
14,11,39,2,22,4,27,14,9,39,25,15,6,24,17
20,42,23,5,33,18,15,29,17,35,24,6,17,2,14,26
32,35,2,26,2,5,14,3,18,49,26,50,5,42,43,37,1
45,29,51,48,6,15,28,34,13,11,3,42,45,27,27,33,51,51
26
5
41,27
39,5,27
32,18,2,26
32,35,22,7,3
26,8,29,2,51,34
32,11,39,20,7,23,45
32,4,42,49,9,15,24,1
49,28,33,2,31,13,16,48,45
12,48,40,36,26,12,27,28,39,25
47,12,24,48,7,26,9,27,43,17,46
22,7,50,40,42,39,42,40,26,36,11,8
47,19,21,50,12,39,12,10,43,35,26,8,45
19,21,6,50,26,29,39,29,20,33,48,48,51,17
33,39,35,23,15,1,26,21,25,51,16,24,4,22,51
11,37,44,48,3,26,40,37,13,40,14,34,45,11,24,45
14,38,40,25,1,30,5,24,21,10,31,10,22,45,27,6,42
10,48,46,25,3,39,16,4,23,21,18,39,45,50,9,6,6,13
46,44,36,30,24,17,49,39,27,32,7,4,35,38,45,4,34,10,34
41,16,39,17,51,9,31,39,40,16,46,11,27,36,3,25,13,7,29,17
38,2,9,32,10,27,6,47,47,15,44,40,16,15,35,28,11,17,13,5,46
43,49,20,51,34,18,1,2,33,33,23,49,28,31,28,44,32,36,45,18,49,17
5,44,43,44,12,13,25,6,5,12,49,20,16,46,23,48,4,31,15,23,20,18,13
20,49,50,4,43,51,48,4,41,11,9,19,9,28,34,41,2,21,34,28,9,13,2,31
16,8,15,19,39,38,22,22,22,45,38,22,26,31,4,9,10,26,11,26,30,43,19,42,15
18,11,13,51,30,14,40,50,33,39,39,24,20,33,16,21,33,49,18,37,13,28,38,34,40,21
20
37
36,39
36,25,26
9,28,33,14
39,2,7,51,39
7,32,20,49,9,30
18,40,39,13,35,12,32
44,51,48,27,3,28,48,15
31,1,20,40,39,31,17,42,46
14,45,6,51,27,12,19,17,7,41
23,30,14,42,29,48,30,38,50,44,17
3,50,21,20,46,17,45,44,51,50,6,50
24,30,10,51,9,29,40,22,31,38,35,32,37
4,7,32,5,23,4,41,45,18,26,44,38,37,10
39,10,28,46,50,33,34,7,46,40,33,4,5,34,4
6,14,37,37,36,8,18,39,20,31,38,14,40,44,9,41
45,39,9,29,21,50,16,26,6,4,41,29,40,35,10,20,44
16,30,18,18,43,12,20,20,35,46,11,49,25,2,15,5,38,36
1,31,8,18,4,38,26,7,26,50,20,40,23,26,1,46,43,5,15
24,41,45,1,38,36,3,7,4,5,17,23,34,3,9,29,44,27,48,51
12
22
20,33
33,8,5
21,36,26,31
43,10,29,8,22
16,7,27,5,11,46
29,22,10,3,22,23,1
34,20,41,14,26,35,26,25
24,50,20,46,18,47,35,18,26
2,49,20,37,6,38,51,49,27,36
35,34,20,16,48,51,49,9,50,19,24
4,29,34,12,4,32,12,37,14,3,20,46
