1000
11111101011
10000001011
10101010011
10010111001
10011001011
10000001111
00110111110
10000101101
01110000110
00110011111
01001010100
01010110011
00000100000
11001101110
10000111010
10101011110
10000110111
11001111000
10111000000
00110001001
00111101000
10100100110
00011001101
00001011001
11110101111
10000110110
10101010110
01010001101
11110011011
01100011111
11101100100
01000010111
10001111111
00101000111
11110011110
00110001111
11101011110
00110000111
00011001110
01000111010
10110011001
01100010101
10010110010
00101010010
11110000100
10001110001
11010011000
10010111001
00010111001
00101110011
00110001101
11111100101
10001001011
11111010100
10000111101
00011000010
11000100011
00110010000
00011111011
00000100000
00011100010
10001011011
11110100101
00010011111
01111101010
01111010101
10001000000
01110111010
10100010100
10101000001
00000110000
00100111010
11001111000
10011011111
10000000001
11000011001
00110111001
01010010000
11001011100
11111011110
00000000100
11110100011
11101011000
10100001000
01110001101
00001011101
11100100000
01101110110
10000100100
11011001000
01101100100
00111011111
01000111110
00101001110
01101010011
11101110111
00110101101
01101001101
11110111011
00101000011
01100100100
00011000110
10010110011
11110101101
01111010110
00110011101
01010001110
00010000110
00010101111
00110101111
11010101110
01011001010
00100000110
00101110100
01000111100
01010000000
01010011001
10100001111
10001011001
11100100111
01000100101
11100110101
01111101000
11100001100
00000111010
10100110000
10110100010
11010110000
11010100110
01010011110
00011010000
10101111100
01101000001
10000101010
00011011110
11100000011
10101011001
00100111101
10111010010
10001110100
00110010101
10101110000
10011111001
01100101001
10010110100
00111000110
11011000011
11110100011
11111110111
01010000000
01000001010
00001101011
01000100100
11011100001
01101100100
00101001100
11100000110
10000010110
00100111101
10010100111
11010000110
01010100000
11000011110
00111000010
00111000010
01100001111
10100111010
00000001110
01100111110
00000100010
10101101111
00110001110
10110101010
11100101110
01101110110
10111111110
00011100101
00101001111
00001001010
01001010010
10111110001
01100111110
01000010010
00111111011
01001100100
00110110000
10000110011
10010100010
10111101011
01010010000
00101110001
10000001100
10011110101
11110100110
00000001110
00010100101
00010101010
11101100001
00000000110
11000001110
10111001010
11011110100
11010111101
10011010111
01011000010
10110100100
10111110010
10001001000
10000001010
10100011011
11110010001
11000001100
10000110110
11001110100
10001001101
10101010100
01011100010
10010011101
01000010010
10101100101
10000001000
11101000000
10100000100
11010110101
10000101000
00011011001
01011010101
01011111010
11111000110
01111000010
10010000000
01101100000
01100001010
01101111100
11001110011
00111101010
01011000011
10010001000
01010010010
11110101111
11001001001
11010101010
11010011101
01000000011
01101000000
01101111101
10110000101
00110100001
11011000001
10110101011
11011000110
00101000001
01000101111
01111010001
00111101011
01100011111
01001001001
10001000000
10101001110
00010100001
11101111101
00110011010
11110011010
00010011001
01110010100
01110010101
01110100011
01111111000
01001101001
11111111101
01010100100
01100011101
10001100110
10011011110
00000010101
11101100110
00000001010
10100100111
10110110101
11111001001
01000000011
11011110101
01101101001
10010001011
10001011010
11001011000
11110100110
10110010011
10100010110
01110101111
00101111100
11100101110
10011100010
01101100111
01001110010
10100011010
01110110110
00000010110
00100100100
00100111100
10110110001
00010110000
11101000110
00000010110
00101101111
01001000011
10100110011
11100001010
01110001101
01000101001
00011100110
00111010100
00100111000
11111110110
11001100010
01010010000
00111011001
11110000011
11000111000
00011011010
00001001010
10111110010
10000010011
11010011101
11000100101
11111011110
10111100000
01010001101
11110011111
11001111010
01111100010
10010110010
10001101011
11110010001
10100000010
10100000000
01101110010
01001101111
10001100101
11000001100
10111111010
00010101011
11111010011
11101111001
00000111001
11001000110
00111101010
00111100000
00011000011
00000100010
11101110100
11111001100
11010001010
00100011100
00100101101
00110101101
11010011010
01000110100
00000011111
11011000010
00100110100
10000111010
10010011000
01111100101
01011111000
00001100110
11001100010
01101000111
10111110000
11011100000
01011010101
10000100111
10101010111
00100101111
11100011001
10100011100
00101001011
11001010100
00001010010
11010000100
01010101010
00010111000
10011110001
11010010000
01011101100
10111001001
00000010100
11000010100
01011011100
11011011111
10011110011
01110010000
11000001000
00001101000
00110001111
00110110111
11011001111
00010000010
00001100101
10000001000
11100011011
10011100100
11001001101
10111010010
10110001001
11010100001
10101100000
00010000100
10011110010
01101100010
10011011111
00001101001
10001001000
01001101101
11011100001
11110111111
01010010110
00011100010
01111100011
01100011011
00100111000
11001001100
01011110101
01011010100
01111110010
10101011000
10010010001
00100000000
01000001000
01011101110
10010001000
10111111100
00011100010
10111100011
11011010111
01011100100
11000011000
11100111011
00000000101
11101100001
10010100101
01100011001
10000001101
11100011011
01011001010
11110101000
11100011010
10110000001
11101101001
01100010011
11110101100
00011010101
00000001110
10001101000
01011011000
10101101100
00100101100
11110101000
11101010011
01010011101
00100111011
11101100101
01110010011
00101111010
10100101110
11110111010
11110111011
10010001011
10011010101
11000101000
11100011010
00000101110
00011011101
00010100011
10000011011
11100000010
01011001010
00000101100
00100011011
00000111010
11100010110
10110011001
00101001011
00110001111
00011101100
10010001000
01111100000
10001110110
10111110110
10001110110
10010110001
10100000111
01000101101
11111000111
11011010010
01101110101
11000100101
01010011111
00001101000
00001010000
00000000010
01011011111
00111011000
01001010011
01010011001
11100000001
11111001010
00111000110
11101110010
11100011000
10010000101
11110100000
10010001000
10001100101
01011110010
10101101101
11100000101
11101100011
01011111101
01001000011
00111001010
10110110001
10000101110
01011101101
11010110000
11111101000
10110011100
00011101001
00111110101
01010111110
10111010100
00011001011
10111101010
01111010110
11100110001
11111000000
00010111010
10001001001
01101110100
10000111111
10001101001
11110011011
11010111001
01011101010
00111111010
10011010011
10100111001
01010110101
11111111111
00110110011
01011000000
00010110011
11010100011
10100001001
00111001010
10001001110
11100001000
00010001100
01110010001
10110101000
00100101110
11001111111
01101100010
10111010100
01111110100
01100111111
00001111111
01011001100
11000010011
10110111000
01000011101
01101101001
10011010101
11110111001
11110000010
10101110111
10001111100
00100101110
01110110110
01111100101
11111001010
01100100011
10010010000
00000000000
11101001101
00101100101
10100011110
00011010001
00000010101
10001010111
01011011100
00010110001
10010100100
10101111110
11000001001
01010010010
11011111111
01001111110
01001110011
10101011001
01100000010
11011001000
10000111000
11000001011
10110100010
10010100111
11111110010
01001100101
00010100000
01101011101
01101111011
00001101111
11011110011
11001101010
10001100111
10111010101
01011010110
00100001011
01000000000
00000111100
11000110001
11000101011
01001110010
00110001111
10001111000
11111110101
11001011010
01100011100
11101011001
10011010100
10110101110
00100100110
01110001010
01000111010
10110111111
10100010101
10011011100
01111010111
11010000000
10000101001
11101011000
01010111111
00011001100
01110000111
00001001101
01001101011
11111100111
01110100010
10001101110
10111100101
00000101000
10010100101
01101101011
11001001100
01010100011
11011011111
01000001110
01111001011
00011000011
00111011100
10100010010
01101110101
01111001000
10001111010
10011111110
10010110001
10001110101
01001111100
10101010111
01000000010
10100011101
11011010111
11101101111
11111100011
00000110000
10011111000
00010111101
01000101001
00110001110
10111011010
01111011010
01001101101
10010010010
11010000010
10001000001
11101011110
11001000110
11011001100
10001101101
01010001111
10111001010
10110000001
11111001101
01011111110
11110011101
00011010101
10000001111
00101111111
11001000100
11111001110
00011010100
10001110111
10111000000
11100101011
11110010100
00011011100
01000000001
10000000110
11011111000
11010101101
10110011000
01011101000
10111000110
11111001011
00110000010
00011111111
01000111011
01001011110
00010101000
11001110100
11010000000
10000100001
10111111101
01110111111
00010100010
00111110111
10000011111
00110001110
10100101100
01100101000
11001111000
10000001101
01100010110
01010000010
11100011100
01110101010
11011010100
10011111010
10101110111
10001011011
01111011000
01111011110
01110111110
11011110111
11000001101
00001100011
01110010101
10110011010
00011010111
00001111101
01100010011
00011100100
10011010001
11011010001
01111010001
10010001110
11110100111
00101110000
10101000111
00110100110
11010000001
01100010001
11010111100
11111000000
11100001001
01010101000
01010100101
00110000101
00101010110
11111101001
00101010110
00011001111
11110101101
11111000110
01101000100
00010011001
00001101111
11100110010
11101011101
11111010011
11010111000
11111011110
00010100000
01010100111
11101000111
00101001011
00001111000
11010110100
10110000000
00111101101
01001101011
01011100110
11000010001
10100110100
10000000110
11000110101
10101011010
00101100001
01101100011
10010000101
10101110010
10110000010
01100111100
10000111000
10010010010
00111000111
10100000101
11111110110
11001011011
11100011111
11011001011
11111100010
00110000000
01001110111
11110100100
11100111000
01100000101
00001011011
00001000101
11110000101
00010111001
01111000011
11110011100
10001001010
11110101000
10101011110
11001101000
01100001111
10110010110
00010000010
10000011100
11001010001
10001100111
01100101100
00100111110
10011111111
00011100011
11000001101
00110010000
11110111011
01011011000
11010111000
00101110001
11011110100
11100100000
01101001000
11101000111
00101011000
10010010011
01111110011
10011010100
10010010001
01001011100
00111011101
11110000110
01010111001
10111001000
11111000001
01010011010
01101011100
01101110110
10000011011
11011110001
11111000111
11111010000
01010000110
01011110001
10110010001
00010101111
10010111000
11011110011
10100001001
01101111110
10011111011
00001111011
00110100001
00110010110
00000001000
10000100111
11010000110
11101001000
10000011111
01110111001
01100101110
11001010010
00111111101
10011101010
10011110001
11000010000
01011001000
01001011000
00000101010
11101100101
11100100111
00101011000
01001110101
00100111111
11101010110
01110100001
10110111001
10110010110
00111001001
01100001011
10001100110
10111111101
01001111101
00010000001
11110010011
11010011000
00000001111
11111110010
11001101001
10100110010
01000110001
00110100010
11000101011
01000100111
00000100100
01010110111
10011111110
10010011100
11110000001
01001111100
00000100101
10000010001
01010101000
10000101010
10111101111
10111000010
10100111010
11000000100
11000101111
01110110000
11111111110
00000001010
01111111011
01000110110
10001110111
01110101100
11111000100
10111001111
01011000000
01101110010
10101110101
10001101101
11100010000
01011011100
10001101010
10101100001
10010000010
01001001100
10110101101
01110111001
11111000001
01110101111
11010110001
10000011010
01101011100
00100110010
00000010010
01011000100
11001111100
01110101011
01101111000
11100100110
11111100111
01011000011
10111000011
11001010001
11011111111
00110100111
10010101000
11100110110
01100011110
10001001100
01100010000
11111110110
10000100110
11100010011
11110110111
11011000101
00110000000
01011000111
11110100111
01010011101
10111001111
10101111110
11001110110
01111001010
11011101010
10001111100
10011101111
10011010000
00011001000
11000111010
01000001101
10001001111
10110001100
11011001001
10110011011
