60
38 17 11 5 22 13 21
38 6 17 17 28 38 25
11 17 39 39 6 16 30
36 30 28 35 7 18 16
16 16 29 31 16 18 31
32 7 31 38 35 30 5
28 30 8 13 36 21 6
35 32 36 15 9 18 29
31 8 14 23 5 15 25
20 33 16 27 31 12 28
28 33 29 21 34 33 25
5 33 31 15 20 23 13
36 39 25 36 37 25 26
13 6 9 38 6 14 20
25 9 23 12 14 26 6
39 22 25 14 8 20 25
34 22 10 31 18 24 34
20 22 25 6 24 34 27
37 19 38 12 37 15 8
19 37 29 31 8 27 7
26 26 35 25 5 7 31
25 17 15 33 25 35 18
23 23 32 19 31 32 14
10 27 11 29 6 6 18
21 26 6 31 35 23 37
32 7 6 11 33 30 25
31 37 19 10 39 35 36
39 21 30 38 36 8 7
33 36 19 10 39 24 36
33 5 37 30 15 5 28
22 24 29 23 13 28 20
8 17 23 18 29 9 33
22 13 13 34 36 39 30
36 18 37 9 39 32 30
33 18 16 9 32 26 31
25 17 24 6 8 27 32
35 8 34 14 31 6 12
9 17 23 5 37 29 33
16 26 15 5 19 8 28
36 25 32 11 10 36 25
33 39 16 10 13 33 32
23 10 37 8 8 27 32
18 27 19 26 8 15 9
33 29 28 15 39 21 20
14 35 7 38 31 21 6
35 24 17 26 27 12 35
7 12 13 19 13 18 11
6 11 12 32 37 25 14
33 32 35 20 28 28 23
18 36 9 36 37 5 15
22 10 15 33 27 20 19
9 28 16 35 25 10 13
33 19 20 12 38 11 23
23 26 17 34 25 17 20
21 18 22 16 18 9 16
21 6 36 12 12 19 14
34 39 6 16 20 16 10
36 38 29 34 24 18 35
19 29 38 6 18 27 13
22 28 20 18 29 24 17
