100
57.49 58.69
3.52 81.89
21.91 100.48
0.53 78.42
75.84 38.67
4.69 21.15
90.55 8.32
86.02 17.07
45.33 66.63
19.24 85.25
43.38 83.97
33.33 85.80
96.97 27.13
38.69 12.76
97.74 85.44
63.49 21.55
79.77 50.13
72.34 11.92
24.35 89.14
84.56 35.51
52.07 3.82
80.49 64.11
60.15 49.06
30.96 94.98
62.37 66.96
71.18 20.38
45.42 61.17
80.78 99.22
41.44 67.14
1.56 11.27
93.69 18.54
18.41 61.97
62.70 43.42
41.92 23.80
29.73 74.15
99.55 21.70
84.35 97.87
84.05 40.74
93.89 96.22
6.03 3.66
49.33 91.06
10.45 29.79
44.73 33.14
91.07 85.07
69.74 69.16
59.60 86.39
38.44 43.74
33.61 100.80
31.88 57.01
82.22 16.99
62.69 72.06
86.91 75.71
29.88 5.96
16.08 87.89
91.88 98.34
35.36 49.93
18.73 92.36
11.81 23.36
41.85 34.62
52.22 15.91
50.93 50.33
48.45 57.48
33.80 9.18
7.11 69.98
68.58 60.33
33.05 92.87
99.88 85.17
64.67 21.82
25.00 43.95
19.10 16.04
65.30 40.01
36.78 29.47
58.88 8.44
31.23 73.91
96.74 99.05
92.44 92.15
79.80 48.11
30.12 29.91
24.08 18.18
23.56 57.40
41.08 46.60
51.64 85.48
88.87 22.69
14.64 43.28
38.04 26.70
37.82 44.18
32.54 92.31
24.60 62.41
81.92 10.24
31.95 73.38
73.66 69.83
13.46 5.01
40.91 23.99
58.03 75.66
30.48 63.14
45.17 19.30
36.44 98.28
41.43 80.06
39.18 35.92
60.27 52.27
