100
-184146865
-309881521
431672645
-720121095
299146927
-269564311
-198888680
633793492
-308953343
-935009553
534491469
-264250499
-117786492
-969910100
510807867
-540039771
-759506298
331525496
-332868706
530772627
-279716822
-703246895
-781477021
-325799846
311459380
-720060163
817958805
166369316
-233027090
65108856
-480917170
769013259
657984359
93883439
113578495
203480473
-521332204
925965800
-900899362
44027482
270787117
-127825320
-404489018
-725600469
-670346765
-340761573
-358998341
-355023785
727613745
995020737
-161088702
994374403
-913684713
588162267
-462869050
-325335017
-122054257
-719599427
-522870719
301344888
41995997
221226735
-822395966
-262237034
681821783
-514616749
230668575
-962122642
-117117154
-16920832
-399429656
-908976925
-490652769
644405590
143471796
485602189
1461094
836296691
448075618
-271997394
335681060
110461949
714628725
980388457
-509597013
457038417
503268026
-332844442
-893079584
855532669
626943283
703821814
324399871
705669207
-640198707
458516538
-392965385
-862933506
508798195
-654999050
