100
64 3 7 69 25
-2 43 9 64 17
91 -40 3 89 57
57 9 8 69 48
42 41 8 89 20
-94 18 5 74 18
-52 -78 5 65 30
75 -72 7 112 55
30 44 6 99 12
34 11 6 84 25
79 46 7 117 19
-12 -63 8 107 48
-90 52 7 109 38
92 -2 8 68 59
-54 -88 4 99 44
-42 41 10 112 48
-57 72 8 88 40
-95 23 3 66 34
85 -19 7 77 39
-29 -69 6 90 36
-19 -20 9 97 58
-18 -94 4 116 29
11 -95 8 82 32
-3 27 4 115 36
-9 53 3 77 33
-61 -62 4 105 38
-53 9 6 93 35
69 51 6 89 30
-65 92 8 62 26
-68 1 5 88 46
-46 72 9 65 59
0 -36 7 117 24
39 62 4 76 14
49 82 7 64 39
-68 23 9 78 17
88 -43 5 117 53
-60 64 9 71 55
23 -76 5 103 27
30 48 4 115 14
-52 37 4 106 30
0 -10 4 101 13
-68 24 10 104 41
-78 -28 4 118 31
75 -32 6 76 13
37 24 5 64 20
-62 -90 3 84 24
7 -64 4 70 37
-21 -37 7 89 10
-79 -70 7 70 27
-26 97 10 105 41
38 -24 9 80 18
-77 64 7 99 15
9 -65 8 65 25
81 -14 4 111 40
-82 -11 9 87 49
-93 -13 8 96 41
-78 80 7 83 44
26 -23 5 79 24
-37 -17 9 109 36
66 82 7 106 34
96 0 6 95 32
-81 -63 8 95 14
-64 35 10 83 54
96 89 7 88 38
-9 73 4 112 21
80 -83 9 74 50
79 -95 8 101 48
95 -27 4 86 33
-27 -6 6 118 31
12 17 4 97 58
-50 -4 9 72 54
-54 -61 6 63 16
63 65 8 69 44
-87 61 4 105 51
-47 -36 9 117 51
-16 89 8 93 33
59 -87 4 97 42
6 74 5 87 11
-27 75 5 73 38
93 -46 4 116 38
84 -5 9 67 31
33 -99 7 113 24
-7 82 3 83 24
64 69 7 105 56
68 -41 3 62 27
-37 -14 5 64 29
49 60 6 111 39
-100 79 8 85 36
-1 54 7 115 49
80 37 7 114 14
-88 -36 4 90 41
-78 -20 5 62 53
-19 -84 9 65 12
0 -27 5 97 30
-89 14 5 104 50
26 -40 3 99 30
51 68 4 73 11
-76 -18 6 92 15
-77 -16 6 66 54
69 -1 7 76 25
