100
127 140 194 27 70 143 141 142 127 134
116 159 80 65 191 210 51 140 18 89
70 95 134 64 103 175 89 173 76 51
214 235 41 21 134 251 212 127 217 153
121 255 53 84 247 91 213 95 108 86
238 206 78 17 246 143 94 97 117 130
83 56 249 64 59 114 121 131 136 50
102 3 71 111 89 30 152 34 186 118
135 113 43 77 57 161 71 53 179 0
16 57 228 81 44 195 128 9 33 179
63 19 1 76 62 35 227 144 212 193
30 193 250 36 109 10 182 34 155 146
201 44 174 26 173 239 23 126 116 252
96 27 30 114 121 213 113 27 80 252
212 83 146 64 250 191 130 118 248 120
123 16 44 68 190 93 190 81 17 98
53 158 147 36 154 152 186 238 0 11
229 74 163 77 230 67 92 161 82 55
34 177 102 78 35 251 142 199 138 19
207 129 232 86 237 115 208 226 121 82
135 46 230 36 131 106 194 60 40 143
76 54 42 100 63 142 149 139 100 38
35 36 133 72 36 36 160 15 166 45
249 18 34 74 47 168 160 117 242 152
112 228 229 79 213 221 5 186 215 86
57 118 18 33 253 129 209 80 71 193
57 66 97 99 156 75 182 121 188 255
231 113 225 5 144 49 66 128 105 58
204 32 160 54 107 94 36 230 12 147
21 45 33 35 43 89 42 116 113 175
67 0 239 104 148 223 195 175 119 122
180 105 235 126 71 37 136 152 138 173
129 109 73 22 244 122 38 75 82 161
25 28 73 21 159 60 151 112 123 254
133 164 134 69 159 136 168 151 235 112
86 172 200 24 105 229 160 71 140 231
101 19 97 58 252 98 244 91 183 208
204 78 183 37 228 161 125 78 88 67
217 156 52 60 60 252 191 58 14 20
174 222 29 43 4 207 254 12 166 41
8 82 237 125 73 146 35 3 228 178
124 167 25 3 180 17 208 102 158 40
149 95 183 113 208 167 65 45 44 221
54 58 165 98 84 125 49 106 30 15
112 254 234 122 98 117 158 225 94 94
233 122 183 83 255 172 202 199 55 120
85 129 44 72 49 35 76 6 117 140
76 157 204 6 97 125 248 93 187 137
246 212 95 49 171 151 123 233 58 145
168 140 91 88 9 127 149 67 148 55
137 246 35 78 103 250 117 115 246 88
150 0 172 69 52 121 54 8 182 170
68 255 160 92 68 48 116 42 118 246
140 126 67 64 82 101 122 141 150 90
194 203 175 64 95 168 96 140 81 54
238 185 170 124 132 81 179 54 23 4
243 44 85 71 208 241 84 50 250 151
190 189 47 26 163 207 253 135 64 232
24 210 183 49 152 122 2 168 88 191
176 240 17 65 134 127 66 21 206 92
215 5 75 86 207 153 203 67 199 48
249 111 140 40 191 47 5 166 103 35
188 67 221 51 113 223 224 10 35 112
81 180 40 127 113 115 240 171 207 51
16 29 26 10 160 13 34 13 59 26
223 193 15 46 23 54 191 107 132 100
152 233 226 78 166 163 221 20 194 11
173 35 248 86 12 65 12 165 205 112
244 39 14 82 80 203 102 70 85 160
50 68 143 0 224 75 15 218 245 2
49 59 182 37 170 205 191 142 122 49
134 218 147 51 157 34 112 119 72 255
174 188 13 63 128 31 190 189 221 197
69 164 235 90 0 232 140 104 33 105
118 178 245 47 5 33 35 204 216 190
73 179 2 29 101 203 48 83 13 225
225 65 135 4 11 176 203 239 247 0
217 23 174 45 84 139 179 12 240 0
229 197 222 79 171 184 252 31 14 45
99 110 54 3 215 112 251 8 99 119
230 11 196 73 254 17 40 77 23 240
73 120 198 19 223 246 199 227 99 58
147 29 144 117 23 227 141 1 252 213
233 139 35 64 190 213 205 196 148 64
107 146 124 44 84 130 79 141 142 212
199 199 49 108 168 99 8 136 54 79
225 38 157 95 115 44 37 248 49 10
192 241 248 68 98 70 74 140 194 130
238 100 212 79 86 72 108 94 233 117
52 30 115 51 25 26 58 42 176 190
101 126 212 71 132 91 194 240 119 237
9 134 228 1 19 177 241 135 121 110
89 125 137 112 255 240 255 219 37 41
250 245 10 57 14 145 82 138 23 169
79 153 135 24 9 120 80 14 12 90
217 4 2 47 62 126 154 63 162 122
68 224 95 34 179 101 97 207 77 224
68 125 119 5 199 227 228 50 131 139
242 197 95 115 54 249 246 214 138 86
25 140 49 29 153 209 66 191 52 126
