100
68618
758848
676984
260999
242918
672807
814099
782586
206194
562372
431482
994856
723735
98538
684736
11856
805993
502620
423649
337138
798653
183826
257704
325273
92820
568532
18061
67129
786676
914632
346637
120715
323897
39126
494364
89377
916404
10580
372424
67616
550972
698259
254761
29042
107429
8737
234905
402772
645606
396319
533392
667139
370755
558987
787758
255203
597349
180165
163335
753854
959156
253570
519014
576241
352280
106763
495973
771813
781685
615801
482216
728232
754407
972226
46381
19024
475819
629189
651463
482477
373810
919
800411
559602
590717
488928
707261
915493
604905
489201
153990
163656
288723
850434
262471
764731
739604
641592
236717
626799
