3374.09
288.25
2201.52
41.56
2932.73
99.19
753.38
1468.36
3020.34
1640.21
3642.62
2859.71
2630.80
493.68
8350.91
1368.21
3998.87
862.29
2170.56
3002.73
198.91
5160.21
2950.96
2940.58
4176.30
1450.65
2778.34
8014.99
2782.28
17.58
1737.01
1140.87
2722.43
997.70
2204.48
2160.24
8255.33
3424.20
9034.10
22.07
4491.99
311.31
1482.35
7747.32
4823.22
5148.84
1681.37
3387.89
1817.48
1396.92
4517.44
6579.96
178.08
1413.27
9035.48
1765.52
1729.90
275.88
1448.85
830.82
2563.31
2784.91
310.28
497.56
4137.43
3069.35
8506.78
1411.10
1098.75
306.36
2612.65
1083.91
496.95
2308.21
9582.10
8518.35
3839.18
900.89
437.77
1352.34
1914.33
4414.19
2016.46
633.62
1015.67
1670.89
3003.77
1535.29
838.86
2344.49
5143.68
67.43
981.43
4390.55
1924.51
871.78
3581.32
3316.89
1407.35
3150.31
