044.36 347.97 203.43
196.64 312.89 032.47
251.43 138.06 295.90
210.60 095.26 025.11
287.59 204.96 329.12
038.24 221.30 014.10
062.04 083.37 262.66
085.47 146.50 171.83
056.86 223.81 339.40
350.51 034.48 062.96
310.29 133.11 222.83
119.30 002.42 166.89
038.23 351.28 208.50
188.75 269.76 292.37
186.69 300.49 225.83
323.78 190.95 064.90
122.71 108.10 085.93
132.85 047.30 217.02
157.95 136.16 266.78
193.53 301.91 141.54
003.64 013.09 357.95
298.39 126.96 308.58
132.52 146.24 289.65
120.11 204.95 177.32
105.94 323.55 313.77
075.52 054.88 280.51
016.45 095.17 232.77
237.92 141.35 021.21
181.01 066.42 222.75
147.09 346.05 304.89
307.81 037.47 323.93
091.98 248.30 229.67
344.52 256.18 200.87
231.68 138.90 281.81
075.97 353.37 208.73
311.68 098.81 344.02
296.89 265.42 034.96
301.00 306.76 268.41
068.59 262.81 070.55
216.91 203.20 304.30
067.43 253.42 062.70
132.78 238.01 189.62
184.92 180.55 034.29
335.01 040.20 243.10
342.80 045.17 114.28
221.32 163.52 236.99
108.07 252.35 318.17
006.46 225.73 015.39
279.23 130.35 048.36
277.39 014.10 154.20
022.01 117.88 049.31
326.96 207.15 343.20
335.30 156.40 320.46
047.47 255.10 309.77
050.93 180.64 068.44
250.43 028.44 224.06
018.25 144.13 146.34
009.32 206.93 267.22
108.76 068.54 217.98
204.70 088.82 152.41
311.45 056.98 285.66
056.93 022.04 282.41
116.29 300.60 334.69
086.11 052.44 130.90
184.69 306.21 193.26
052.16 188.37 344.84
151.17 276.61 214.86
323.92 161.49 286.07
220.92 114.96 065.58
173.94 007.97 356.81
322.71 335.40 104.19
157.38 117.70 308.25
064.51 112.45 109.39
057.85 197.24 328.97
289.13 186.43 268.73
070.41 149.21 150.51
185.76 128.09 217.66
189.68 170.74 145.12
159.06 265.93 325.19
038.58 230.11 004.59
205.28 140.75 314.35
336.42 265.93 191.57
122.06 344.92 130.47
182.36 149.40 163.72
248.89 154.61 045.31
005.95 059.70 117.98
294.71 341.01 189.69
147.89 033.93 183.39
190.15 216.17 206.84
104.34 179.72 116.71
189.48 359.03 101.07
173.54 256.80 040.38
262.45 020.16 036.38
024.98 025.07 016.69
072.57 027.76 313.10
105.11 328.13 088.73
105.89 093.37 241.65
158.78 220.23 025.43
235.10 050.84 225.72
316.98 169.38 238.68
