64.00,72.00 53.15,25.52 10.05,46.02 39.63,8.56 -3.27,-12.35 44.45,-12.59 34.06,-59.17 64.00,-22.00 93.94,-59.17 83.55,-12.59 131.27,-12.35 88.37,8.56 117.95,46.02 74.85,25.52
-2.00,107.00 -7.81,58.97 -43.14,92.03 -16.72,51.50 -65.03,54.11 -18.74,40.05 -57.43,11.00 -12.93,29.98 -23.89,-17.14 -2.00,26.00 19.89,-17.14 8.93,29.98 53.43,11.00 14.74,40.05 61.03,54.11 12.72,51.50 39.14,92.03 3.81,58.97
91.00,49.00 41.64,-11.50 13.92,-84.50 91.00,-97.00 168.08,-84.50 140.36,-11.50
57.00,78.00 38.63,53.35 8.21,57.79 12.65,27.37 -12.00,9.00 12.65,-9.37 8.21,-39.79 38.63,-35.35 57.00,-60.00 75.37,-35.35 105.79,-39.79 101.35,-9.37 126.00,9.00 101.35,27.37 105.79,57.79 75.37,53.35
42.00,130.00 34.35,59.48 -20.93,103.93 23.52,48.65 -47.00,41.00 23.52,33.35 -20.93,-21.93 34.35,22.52 42.00,-48.00 49.65,22.52 104.93,-21.93 60.48,33.35 131.00,41.00 60.48,48.65 104.93,103.93 49.65,59.48
-94.00,92.00 -104.58,32.56 -164.38,40.87 -111.12,12.44 -137.50,-41.87 -94.00,0.00 -50.50,-41.87 -76.88,12.44 -23.62,40.87 -83.42,32.56
-52.00,-13.00 -69.63,-53.73 -113.82,-57.91 -80.53,-87.27 -90.21,-130.59 -52.00,-108.00 -13.79,-130.59 -23.47,-87.27 9.82,-57.91 -34.37,-53.73
75.00,40.00 51.14,-22.45 -12.57,-2.17 21.38,-59.76 -34.19,-96.92 32.00,-106.29 26.41,-172.91 75.00,-127.00 123.59,-172.91 118.00,-106.29 184.19,-96.92 128.62,-59.76 162.57,-2.17 98.86,-22.45
30.00,143.00 24.00,54.39 -55.74,93.50 18.00,44.00 -55.74,-5.50 24.00,33.61 30.00,-55.00 36.00,33.61 115.74,-5.50 42.00,44.00 115.74,93.50 36.00,54.39
34.00,95.00 21.50,32.65 -38.75,53.00 9.00,11.00 -38.75,-31.00 21.50,-10.65 34.00,-73.00 46.50,-10.65 106.75,-31.00 59.00,11.00 106.75,53.00 46.50,32.65
79.00,163.00 70.76,63.12 -12.47,118.95 60.48,50.23 -35.07,19.97 64.15,34.15 28.24,-59.41 79.00,27.00 129.76,-59.41 93.85,34.15 193.07,19.97 97.52,50.23 170.47,118.95 87.24,63.12
-12.00,44.00 -30.37,-18.65 -87.66,12.66 -56.35,-44.63 -119.00,-63.00 -56.35,-81.37 -87.66,-138.66 -30.37,-107.35 -12.00,-170.00 6.37,-107.35 63.66,-138.66 32.35,-81.37 95.00,-63.00 32.35,-44.63 63.66,12.66 6.37,-18.65
-90.00,161.00 -106.49,86.24 -175.22,119.96 -127.05,60.46 -196.27,27.75 -119.71,28.31 -137.29,-46.21 -90.00,14.00 -42.71,-46.21 -60.29,28.31 16.27,27.75 -52.95,60.46 -4.78,119.96 -73.51,86.24
92.00,66.00 69.42,52.51 43.92,46.08 37.49,20.58 24.00,-2.00 37.49,-24.58 43.92,-50.08 69.42,-56.51 92.00,-70.00 114.58,-56.51 140.08,-50.08 146.51,-24.58 160.00,-2.00 146.51,20.58 140.08,46.08 114.58,52.51
-54.00,11.00 -85.11,-56.89 -153.00,-88.00 -85.11,-119.11 -54.00,-187.00 -22.89,-119.11 45.00,-88.00 -22.89,-56.89
-42.00,153.00 -56.83,86.65 -107.83,131.61 -80.83,69.21 -148.52,75.61 -90.00,41.00 -148.52,6.39 -80.83,12.79 -107.83,-49.61 -56.83,-4.65 -42.00,-71.00 -27.17,-4.65 23.83,-49.61 -3.17,12.79 64.52,6.39 6.00,41.00 64.52,75.61 -3.17,69.21 23.83,131.61 -27.17,86.65
-57.00,160.00 -72.31,108.96 -119.23,134.23 -93.96,87.31 -145.00,72.00 -93.96,56.69 -119.23,9.77 -72.31,35.04 -57.00,-16.00 -41.69,35.04 5.23,9.77 -20.04,56.69 31.00,72.00 -20.04,87.31 5.23,134.23 -41.69,108.96
-95.00,89.00 -124.44,40.00 -152.16,-10.00 -95.00,-11.00 -37.84,-10.00 -65.56,40.00
85.00,58.00 68.08,16.14 24.80,29.01 46.98,-10.32 9.93,-36.13 54.51,-43.32 51.59,-88.37 85.00,-58.00 118.41,-88.37 115.49,-43.32 160.07,-36.13 123.02,-10.32 145.20,29.01 101.92,16.14
-29.00,21.00 -47.00,-37.82 -106.94,-24.00 -65.00,-69.00 -106.94,-114.00 -47.00,-100.18 -29.00,-159.00 -11.00,-100.18 48.94,-114.00 7.00,-69.00 48.94,-24.00 -11.00,-37.82
-19.00,77.00 -38.84,34.50 -81.35,54.31 -69.23,9.00 -114.53,-3.16 -76.12,-30.07 -103.00,-68.50 -56.28,-64.43 -52.18,-111.15 -19.00,-78.00 14.18,-111.15 18.28,-64.43 65.00,-68.50 38.12,-30.07 76.53,-3.16 31.23,9.00 43.35,54.31 0.84,34.50
-18.00,22.00 -38.51,-73.49 -134.00,-94.00 -38.51,-114.51 -18.00,-210.00 2.51,-114.51 98.00,-94.00 2.51,-73.49
11.00,-13.00 -1.25,-65.44 -46.98,-37.02 -18.56,-82.75 -71.00,-95.00 -18.56,-107.25 -46.98,-152.98 -1.25,-124.56 11.00,-177.00 23.25,-124.56 68.98,-152.98 40.56,-107.25 93.00,-95.00 40.56,-82.75 68.98,-37.02 23.25,-65.44
-3.00,142.00 -28.46,52.46 -118.00,27.00 -28.46,1.54 -3.00,-88.00 22.46,1.54 112.00,27.00 22.46,52.46
-9.00,130.00 -37.58,69.50 -75.68,14.50 -9.00,20.00 57.68,14.50 19.58,69.50
-61.00,43.00 -87.87,-35.13 -166.00,-62.00 -87.87,-88.87 -61.00,-167.00 -34.13,-88.87 44.00,-62.00 -34.13,-35.13
-53.00,102.00 -70.50,39.31 -133.54,55.50 -88.00,9.00 -133.54,-37.50 -70.50,-21.31 -53.00,-84.00 -35.50,-21.31 27.54,-37.50 -18.00,9.00 27.54,55.50 -35.50,39.31
69.00,140.00 54.00,76.98 -8.08,95.50 39.00,51.00 -8.08,6.50 54.00,25.02 69.00,-38.00 84.00,25.02 146.08,6.50 99.00,51.00 146.08,95.50 84.00,76.98
-65.00,154.00 -74.95,116.02 -108.84,135.84 -89.02,101.95 -127.00,92.00 -89.02,82.05 -108.84,48.16 -74.95,67.98 -65.00,30.00 -55.05,67.98 -21.16,48.16 -40.98,82.05 -3.00,92.00 -40.98,101.95 -21.16,135.84 -55.05,116.02
-68.00,89.00 -95.04,38.21 -151.69,28.19 -111.75,-13.21 -119.73,-70.19 -68.00,-45.00 -16.27,-70.19 -24.25,-13.21 15.69,28.19 -40.96,38.21
-46.00,137.00 -66.18,127.44 -87.78,121.79 -97.10,101.50 -110.01,83.29 -104.10,61.75 -102.29,39.50 -83.92,26.80 -68.23,10.92 -46.00,13.00 -23.77,10.92 -8.08,26.80 10.29,39.50 12.10,61.75 18.01,83.29 5.10,101.50 -4.22,121.79 -25.82,127.44
0.00,81.00 -10.41,-14.38 -91.47,36.95 -23.40,-30.66 -114.07,-62.03 -18.76,-50.96 -50.76,-141.41 0.00,-60.00 50.76,-141.41 18.76,-50.96 114.07,-62.03 23.40,-30.66 91.47,36.95 10.41,-14.38
39.00,138.00 29.10,71.90 -37.00,62.00 29.10,52.10 39.00,-14.00 48.90,52.10 115.00,62.00 48.90,71.90
49.00,146.00 32.08,117.14 -1.04,121.90 10.98,90.68 -13.40,67.76 18.51,57.68 21.23,24.34 49.00,43.00 76.77,24.34 79.49,57.68 111.40,67.76 87.02,90.68 99.04,121.90 65.92,117.14
-68.00,101.00 -73.81,38.97 -118.14,82.75 -82.72,31.50 -144.82,36.54 -84.74,20.05 -135.55,-16.00 -78.93,9.98 -94.68,-50.30 -68.00,6.00 -41.32,-50.30 -57.07,9.98 -0.45,-16.00 -51.26,20.05 8.82,36.54 -53.28,31.50 -17.86,82.75 -62.19,38.97
88.00,74.00 56.85,-0.12 -23.27,-6.85 37.59,-59.38 19.23,-137.65 88.00,-96.00 156.77,-137.65 138.41,-59.38 199.27,-6.85 119.15,-0.12
-60.00,135.00 -78.81,115.68 -105.64,118.39 -107.63,91.50 -129.92,76.33 -114.16,54.45 -121.49,28.50 -95.35,21.87 -84.28,-2.72 -60.00,9.00 -35.72,-2.72 -24.65,21.87 1.49,28.50 -5.84,54.45 9.92,76.33 -12.37,91.50 -14.36,118.39 -41.19,115.68
23.00,27.00 7.13,-54.16 -74.96,-44.17 -2.68,-84.34 -37.54,-159.33 23.00,-103.00 83.54,-159.33 48.68,-84.34 120.96,-44.17 38.87,-54.16
30.00,163.00 20.10,57.90 -85.00,48.00 20.10,38.10 30.00,-67.00 39.90,38.10 145.00,48.00 39.90,57.90
-52.00,143.00 -73.21,58.21 -158.00,37.00 -73.21,15.79 -52.00,-69.00 -30.79,15.79 54.00,37.00 -30.79,58.21
0.00,91.00 -9.19,-0.81 -101.00,-10.00 -9.19,-19.19 0.00,-111.00 9.19,-19.19 101.00,-10.00 9.19,-0.81
-68.00,128.00 -80.67,62.99 -129.13,108.14 -101.17,48.10 -166.91,56.14 -109.00,24.00 -166.91,-8.14 -101.17,-0.10 -129.13,-60.14 -80.67,-14.99 -68.00,-80.00 -55.33,-14.99 -6.87,-60.14 -34.83,-0.10 30.91,-8.14 -27.00,24.00 30.91,56.14 -34.83,48.10 -6.87,108.14 -55.33,62.99
-78.00,90.00 -99.92,-6.08 -196.00,-28.00 -99.92,-49.92 -78.00,-146.00 -56.08,-49.92 40.00,-28.00 -56.08,-6.08
75.00,44.00 68.50,-20.74 9.18,6.00 62.00,-32.00 9.18,-70.00 68.50,-43.26 75.00,-108.00 81.50,-43.26 140.82,-70.00 88.00,-32.00 140.82,6.00 81.50,-20.74
37.00,88.00 25.24,40.18 -23.87,43.78 17.98,17.82 -0.62,-27.78 37.00,4.00 74.62,-27.78 56.02,17.82 97.87,43.78 48.76,40.18
-62.00,-6.00 -82.78,-78.00 -134.75,-132.00 -62.00,-114.00 10.75,-132.00 -41.22,-78.00
7.00,6.00 -19.16,-37.84 -63.00,-64.00 -19.16,-90.16 7.00,-134.00 33.16,-90.16 77.00,-64.00 33.16,-37.84
-21.00,52.00 -25.34,-27.99 -90.58,18.49 -30.75,-34.77 -107.77,-56.80 -28.82,-43.23 -59.62,-117.19 -21.00,-47.00 17.62,-117.19 -13.18,-43.23 65.77,-56.80 -11.25,-34.77 48.58,18.49 -16.66,-27.99
-79.00,0.00 -90.71,-45.67 -133.73,-26.36 -105.32,-63.99 -147.24,-85.58 -100.11,-86.83 -109.37,-133.07 -79.00,-97.00 -48.63,-133.07 -57.89,-86.83 -10.76,-85.58 -52.68,-63.99 -24.27,-26.36 -67.29,-45.67
-26.00,202.00 -38.67,135.99 -87.72,181.95 -59.17,121.10 -125.86,129.45 -67.00,97.00 -125.86,64.55 -59.17,72.90 -87.72,12.05 -38.67,58.01 -26.00,-8.00 -13.33,58.01 35.72,12.05 7.17,72.90 73.86,64.55 15.00,97.00 73.86,129.45 7.17,121.10 35.72,181.95 -13.33,135.99
38.00,56.00 31.84,-7.09 -13.42,37.28 22.41,-15.00 -40.78,-10.11 20.27,-27.13 -31.28,-64.00 26.43,-37.79 10.64,-99.18 38.00,-42.00 65.36,-99.18 49.57,-37.79 107.28,-64.00 55.73,-27.13 116.78,-10.11 53.59,-15.00 89.42,37.28 44.16,-7.09
-77.00,163.00 -83.51,77.51 -154.40,125.73 -91.62,67.34 -173.52,41.97 -88.73,54.65 -119.95,-25.20 -77.00,49.00 -34.05,-25.20 -65.27,54.65 19.52,41.97 -62.38,67.34 0.40,125.73 -70.49,77.51
9.00,0.00 -0.57,-41.90 -36.96,-19.04 -14.10,-55.43 -56.00,-65.00 -14.10,-74.57 -36.96,-110.96 -0.57,-88.10 9.00,-130.00 18.57,-88.10 54.96,-110.96 32.10,-74.57 74.00,-65.00 32.10,-55.43 54.96,-19.04 18.57,-41.90
81.00,97.00 52.72,14.28 -30.00,-14.00 52.72,-42.28 81.00,-125.00 109.28,-42.28 192.00,-14.00 109.28,14.28
-82.00,76.00 -98.76,35.04 -137.92,55.65 -124.44,13.50 -167.68,4.11 -130.26,-19.51 -157.34,-54.50 -113.50,-48.54 -111.76,-92.75 -82.00,-60.00 -52.24,-92.75 -50.50,-48.54 -6.66,-54.50 -33.74,-19.51 3.68,4.11 -39.56,13.50 -26.08,55.65 -65.24,35.04
-93.00,83.00 -108.69,24.88 -160.88,54.88 -130.88,2.69 -189.00,-13.00 -130.88,-28.69 -160.88,-80.88 -108.69,-50.88 -93.00,-109.00 -77.31,-50.88 -25.12,-80.88 -55.12,-28.69 3.00,-13.00 -55.12,2.69 -25.12,54.88 -77.31,24.88
-78.00,163.00 -97.09,119.64 -142.89,131.75 -120.90,89.79 -158.92,61.53 -112.40,52.57 -114.01,5.22 -78.00,36.00 -41.99,5.22 -43.60,52.57 2.92,61.53 -35.10,89.79 -13.11,131.75 -58.91,119.64
26.00,56.00 11.89,-3.58 -49.13,1.41 3.17,-30.42 -20.44,-86.91 26.00,-47.00 72.44,-86.91 48.83,-30.42 101.13,1.41 40.11,-3.58
-37.00,92.00 -49.31,16.83 -107.06,66.50 -68.18,1.00 -144.34,1.93 -72.45,-23.25 -131.40,-71.50 -60.14,-44.58 -74.28,-119.43 -37.00,-53.00 0.28,-119.43 -13.86,-44.58 57.40,-71.50 -1.55,-23.25 70.34,1.93 -5.82,1.00 33.06,66.50 -24.69,16.83
66.00,188.00 51.25,112.63 -16.87,148.09 32.85,89.57 -37.34,58.41 39.42,60.80 20.01,-13.50 66.00,48.00 111.99,-13.50 92.58,60.80 169.34,58.41 99.15,89.57 148.87,148.09 80.75,112.63
96.00,95.00 80.00,27.71 13.73,47.50 64.00,0.00 13.73,-47.50 80.00,-27.71 96.00,-95.00 112.00,-27.71 178.27,-47.50 128.00,0.00 178.27,47.50 112.00,27.71
-81.00,32.00 -86.36,-50.07 -148.18,4.18 -93.93,-57.64 -176.00,-63.00 -93.93,-68.36 -148.18,-130.18 -86.36,-75.93 -81.00,-158.00 -75.64,-75.93 -13.82,-130.18 -68.07,-68.36 14.00,-63.00 -68.07,-57.64 -13.82,4.18 -75.64,-50.07
-64.00,118.00 -80.69,86.36 -112.79,102.15 -107.69,66.74 -142.94,60.65 -118.00,35.00 -142.94,9.35 -107.69,3.26 -112.79,-32.15 -80.69,-16.36 -64.00,-48.00 -47.31,-16.36 -15.21,-32.15 -20.31,3.26 14.94,9.35 -10.00,35.00 14.94,60.65 -20.31,66.74 -15.21,102.15 -47.31,86.36
96.00,177.00 79.51,123.24 27.20,143.87 58.95,97.46 10.21,69.42 66.29,65.31 57.82,9.71 96.00,51.00 134.18,9.71 125.71,65.31 181.79,69.42 133.05,97.46 164.80,143.87 112.49,123.24
-9.00,185.00 -23.85,87.85 -121.00,73.00 -23.85,58.15 -9.00,-39.00 5.85,58.15 103.00,73.00 5.85,87.85
80.00,-9.00 62.90,-36.02 32.43,-26.31 36.70,-58.00 7.12,-70.15 30.76,-91.68 15.91,-120.00 47.86,-121.30 54.69,-152.54 80.00,-133.00 105.31,-152.54 112.14,-121.30 144.09,-120.00 129.24,-91.68 152.88,-70.15 123.30,-58.00 127.57,-26.31 97.10,-36.02
79.00,6.00 60.63,-50.65 7.58,-23.58 34.65,-76.63 -22.00,-95.00 34.65,-113.37 7.58,-166.42 60.63,-139.35 79.00,-196.00 97.37,-139.35 150.42,-166.42 123.35,-113.37 180.00,-95.00 123.35,-76.63 150.42,-23.58 97.37,-50.65
95.00,59.00 71.67,-3.67 9.00,-27.00 71.67,-50.33 95.00,-113.00 118.33,-50.33 181.00,-27.00 118.33,-3.67
-27.00,112.00 -42.50,20.85 -129.19,53.00 -58.00,-6.00 -129.19,-65.00 -42.50,-32.85 -27.00,-124.00 -11.50,-32.85 75.19,-65.00 4.00,-6.00 75.19,53.00 -11.50,20.85
12.00,114.00 -29.01,58.01 -85.00,17.00 -29.01,-24.01 12.00,-80.00 53.01,-24.01 109.00,17.00 53.01,58.01
-50.00,68.00 -68.47,46.74 -96.28,51.16 -96.77,23.00 -120.91,8.50 -103.18,-13.38 -112.35,-40.00 -84.71,-45.37 -74.63,-71.66 -50.00,-58.00 -25.37,-71.66 -15.29,-45.37 12.35,-40.00 3.18,-13.38 20.91,8.50 -3.23,23.00 -3.72,51.16 -31.53,46.74
-54.00,2.00 -62.00,-47.14 -108.56,-29.50 -70.00,-61.00 -108.56,-92.50 -62.00,-74.86 -54.00,-124.00 -46.00,-74.86 0.56,-92.50 -38.00,-61.00 0.56,-29.50 -46.00,-47.14
63.00,134.00 46.16,105.65 14.21,113.79 22.35,81.84 -6.00,65.00 22.35,48.16 14.21,16.21 46.16,24.35 63.00,-4.00 79.84,24.35 111.79,16.21 103.65,48.16 132.00,65.00 103.65,81.84 111.79,113.79 79.84,105.65
-87.00,166.00 -123.06,97.06 -192.00,61.00 -123.06,24.94 -87.00,-44.00 -50.94,24.94 18.00,61.00 -50.94,97.06
-47.00,81.00 -64.44,11.92 -122.21,53.63 -91.17,-10.50 -162.22,-15.68 -97.23,-44.86 -148.32,-94.50 -79.78,-75.07 -87.02,-145.94 -47.00,-87.00 -6.98,-145.94 -14.22,-75.07 54.32,-94.50 3.23,-44.86 68.22,-15.68 -2.83,-10.50 28.21,53.63 -29.56,11.92
-16.00,182.00 -28.63,119.49 -81.76,154.76 -46.49,101.63 -109.00,89.00 -46.49,76.37 -81.76,23.24 -28.63,58.51 -16.00,-4.00 -3.37,58.51 49.76,23.24 14.49,76.37 77.00,89.00 14.49,101.63 49.76,154.76 -3.37,119.49
59.00,10.00 29.30,-57.30 -38.00,-87.00 29.30,-116.70 59.00,-184.00 88.70,-116.70 156.00,-87.00 88.70,-57.30
6.00,161.00 -0.47,82.90 -76.74,100.88 -4.46,70.60 -45.14,3.62 6.00,63.00 57.14,3.62 16.46,70.60 88.74,100.88 12.47,82.90
-27.00,148.00 -49.34,105.74 -96.43,97.56 -63.14,63.26 -69.91,15.94 -27.00,37.00 15.91,15.94 9.14,63.26 42.43,97.56 -4.66,105.74
93.00,70.00 66.13,-19.13 -23.00,-46.00 66.13,-72.87 93.00,-162.00 119.87,-72.87 209.00,-46.00 119.87,-19.13
84.00,62.00 73.40,24.13 40.93,46.32 57.15,10.50 18.02,6.63 53.47,-10.38 25.98,-38.50 64.07,-28.75 61.08,-67.96 84.00,-36.00 106.92,-67.96 103.93,-28.75 142.02,-38.50 114.53,-10.38 149.98,6.63 110.85,10.50 127.07,46.32 94.60,24.13
33.00,14.00 22.59,-77.38 -55.35,-28.55 9.60,-93.66 -77.17,-124.14 14.24,-113.96 -16.03,-200.81 33.00,-123.00 82.03,-200.81 51.76,-113.96 143.17,-124.14 56.40,-93.66 121.35,-28.55 43.41,-77.38
-7.00,165.00 -27.78,94.00 -78.88,40.50 -7.00,58.00 64.88,40.50 13.78,94.00
64.00,174.00 39.70,119.45 -18.09,134.47 9.40,81.46 -38.37,45.64 20.22,34.08 18.44,-25.60 64.00,13.00 109.56,-25.60 107.78,34.08 166.37,45.64 118.60,81.46 146.09,134.47 88.30,119.45
68.00,21.00 44.62,-27.50 14.31,-72.00 68.00,-68.00 121.69,-72.00 91.38,-27.50
-37.00,50.00 -54.05,9.46 -97.87,5.78 -64.58,-22.96 -74.62,-65.78 -37.00,-43.00 0.62,-65.78 -9.42,-22.96 23.87,5.78 -19.95,9.46
49.00,171.00 29.50,93.77 -47.13,115.50 10.00,60.00 -47.13,4.50 29.50,26.23 49.00,-51.00 68.50,26.23 145.13,4.50 88.00,60.00 145.13,115.50 68.50,93.77
-100.00,164.00 -113.78,112.26 -160.10,139.10 -133.26,92.78 -185.00,79.00 -133.26,65.22 -160.10,18.90 -113.78,45.74 -100.00,-6.00 -86.22,45.74 -39.90,18.90 -66.74,65.22 -15.00,79.00 -66.74,92.78 -39.90,139.10 -86.22,112.26
-1.00,169.00 -22.26,98.15 -90.91,125.70 -48.77,64.90 -113.12,28.41 -39.31,23.45 -50.90,-49.61 -1.00,5.00 48.90,-49.61 37.31,23.45 111.12,28.41 46.77,64.90 88.91,125.70 20.26,98.15
80.00,151.00 73.93,49.61 -9.13,108.08 66.35,40.12 -31.14,11.63 69.05,28.27 30.54,-65.71 80.00,23.00 129.46,-65.71 90.95,28.27 191.14,11.63 93.65,40.12 169.13,108.08 86.07,49.61
-88.00,54.00 -116.99,-7.01 -178.00,-36.00 -116.99,-64.99 -88.00,-126.00 -59.01,-64.99 2.00,-36.00 -59.01,-7.01
-78.00,42.00 -109.15,22.88 -136.97,-0.84 -128.41,-36.38 -114.44,-70.16 -78.00,-73.00 -41.56,-70.16 -27.59,-36.38 -19.03,-0.84 -46.85,22.88
-19.00,-19.00 -23.10,-72.72 -60.78,-34.21 -29.39,-78.00 -83.01,-72.71 -30.82,-86.08 -75.29,-116.50 -26.71,-93.19 -41.23,-145.08 -19.00,-96.00 3.23,-145.08 -11.29,-93.19 37.29,-116.50 -7.18,-86.08 45.01,-72.71 -8.61,-78.00 22.78,-34.21 -14.90,-72.72
0.00,70.00 -17.63,-2.73 -92.25,2.97 -28.53,-36.27 -57.02,-105.47 0.00,-57.00 57.02,-105.47 28.53,-36.27 92.25,2.97 17.63,-2.73
-89.00,118.00 -118.39,54.45 -187.91,46.14 -136.55,-1.45 -150.13,-70.14 -89.00,-36.00 -27.87,-70.14 -41.45,-1.45 9.91,46.14 -59.61,54.45
26.00,59.00 0.02,-25.00 -59.74,-89.50 26.00,-70.00 111.74,-89.50 51.98,-25.00
51.00,141.00 43.22,75.78 -22.00,68.00 43.22,60.22 51.00,-5.00 58.78,60.22 124.00,68.00 58.78,75.78
-76.00,74.00 -83.50,-5.01 -155.67,28.00 -91.00,-18.00 -155.67,-64.00 -83.50,-30.99 -76.00,-110.00 -68.50,-30.99 3.67,-64.00 -61.00,-18.00 3.67,28.00 -68.50,-5.01
-77.00,50.00 -104.00,30.77 -134.16,17.00 -131.00,-16.00 -134.16,-49.00 -104.00,-62.77 -77.00,-82.00 -50.00,-62.77 -19.84,-49.00 -23.00,-16.00 -19.84,17.00 -50.00,30.77
69.00,75.00 58.15,21.52 9.58,46.39 44.63,4.56 -5.09,-17.91 49.45,-16.59 36.02,-69.47 69.00,-26.00 101.98,-69.47 88.55,-16.59 143.09,-17.91 93.37,4.56 128.42,46.39 79.85,21.52
