7 6 4 2
3 2 2 4 6
5 6 6 5 1 2
5 6 7 3 2
1 2 4 6
7 6 4 2
7 6 4 2
5 6 6 4 2
5 6 6 5 3 2
1 2 4 6
7 6 4 2
1 1 7 6 4
7 6 4 2
1 2 3 5 6
7 7 5 4 2
7 6 4 2
3 2 2 3 5 6
1 2 4 6
7 6 4 2
5 5 7 7 1 2
5 6 6 4 2
7 6 4 2
7 6 4 2
1 1 3 3 5 6
1 2 4 6
3 2 2 4 6
1 2 4 6
7 6 4 2
1 2 4 6
5 6 6 4 2
7 6 4 2
1 2 4 6
1 2 4 6
7 6 4 2
7 6 4 2
1 2 4 6
7 6 4 2
1 2 4 6
1 2 4 6
7 7 5 4 2
7 6 4 2
1 2 4 6
5 6 7 1 2
7 6 4 2
1 1 3 3 7 6
1 2 4 6
1 2 4 6
1 2 3 7 6
7 6 4 2
1 1 3 3 7 6
7 6 4 2
1 1 3 3 7 6
7 6 4 2
7 6 4 2
7 6 4 2
7 6 4 2
7 6 4 2
7 6 4 2
7 6 4 2
7 6 4 2
