2042975
703
7888725
6906900
1052049481860
528
211876
1344904
708930508
3190187286
11554258485616
2012616400080
528
80730
13037895
2035800
98280
472733756
73006209045
834451800
61523748
46376
1029530696964
11480
820
20058300
73006209045
1
9669554100
1
5567902560
741
1761039350070
13244
353697121050
8436285
225792840
33578000610
124403620
118030185
194580
7307872110
8597496600
52860229080
18851684897584
658008
2707475148
1
9075135300
50
38910617655
113380261800
265182525
666
10518300
3796297200
9075135300
344867425584
50
13983816
9762479679106
2319959400
11058116888
1081575
28760021745
244662670200
32
101270
76904685
1086008
2203961430
177232627
77558760
4960
166509721602
20058300
573166440
51915526432
10518300
66045
99884400
26978328
278256
4060
8233430727600
2505433700
45
561
1029530696964
30957699535776
44352165
2707475148
8436
2104098963720
2220075
7888725
2311801440
1
2250829575120
9364199760
