0000000000000000000000000000000000000000000000000000000000000000000000
0000000000000000000000000000000000000000000000000000000000000000000000
0000000000000000000000000000000000000000000000000000000000000000000000
0000000000000000001111111111111111111111110000000000000000000000000000
0000000000000000010000000000000000000000001000000000000000000000000000
0000000000000001100000000000000000000000000110000000000000000000000000
0000000000000111000000000000000000000000000011100000000000000000000000
0000000000011100000000000000000000000000000000111000000000000000000000
0000000001110000000000000000000000000000000000001110000000000000000000
0000000011000000000000000000000000000000000000000010000000000000000000
0000000010000000000100000000000000010000000000000001000000000000000000
0000000010000000000000000000000000000000000000000001000000000000000000
0000000010000000000000000000000000000000000000000001000000000000000000
0000000010000000000000000000000000000000000000000001000000000000000000
0000000010000000000000000010000000000000000000000001000000000000000000
0000000010000000000000000000000000000000000000000001000000000000000000
0000000010000000000000000000000000000000000000000001000000000000000000
0000000010000001000000000000000000000000100000000001000000000000000000
0000000010000000100000000000000000000001000000000010000000000000000000
0000000010000000010000000000000000000010000000000010000000000000000000
0000000001000000001000000000000000000100000000000110000000000000000000
0000000000100000000100000000000000001000000000001000000000000000000000
0000000000010000000011111111111111110000000000010000000000000000000000
0000000000001000000000000000000000000000000000100000000000000000000000
0000000000000100000000000000000000000000000001000000000000000000000000
0000000000000010000000000000000000000000000010000000000000000000000000
0000000000000001111111111111111111111111111100000000000000000000000000
0000000000000000000000000000000000000000000000000000000000000000000000
0000000000000000000000000000000000000000000000000000000000000000000000
0000000000000000000000000000000000000000000000000000000000000000000000
0000000000000000000000000000000000000000000000000000000000000000000000
0000000000000000000000000000000000000000000000000000000000000000000000
0000000000000000000000000000000000000000000000000000000000000000000000
