25 9
38 2
31 23
28 19
43 22
33 2
49 4
34 6
44 9
45 10
49 18
44 23
33 2
27 22
27 16
30 23
28 23
38 10
45 13
35 23
39 8
34 4
44 18
42 3
41 2
27 14
45 13
45 0
38 24
31 0
36 15
39 2
44 24
44 3
42 18
27 17
32 12
38 18
37 9
42 8
48 4
36 20
36 17
42 14
49 19
40 5
38 12
33 0
36 18
50 1
46 12
40 18
31 14
37 2
32 8
36 14
36 18
45 15
50 1
49 6
47 20
35 14
42 12
25 8
45 12
41 22
32 1
41 4
40 8
44 5
34 18
44 8
29 15
32 3
42 16
27 13
33 20
44 13
32 24
37 4
50 7
42 7
34 5
30 3
46 23
50 9
45 1
34 2
44 18
48 23
31 10
38 12
38 3
44 22
27 19
31 8
40 11
49 0
50 15
37 15
