00001010000111111101110110001010
10111011111000111111010001010001
01000010000101001011110110001111
00111000001111100000010010110101
10000010001011110011111101101100
11111010111000101001000110100100
10110111011100101111110000101111
00010111101000111010111000110010
11010011001010001001001011110110
00001001011010111001101011101011
11001111001110100000100001000010
11000010110011110110001011011001
00101011011001000010110111011111
11110000100010110110111000101110
01000101001000111111110101010011
11101110000010010010001101101111
00011001100111101001000100010011
10110111000011000111000101000110
11100100011101100000001100111011
00010110001110101101101001001010
00001110011010001110110110011001
01110010010100111001000010010001
11100100010101110100001010010101
10100100110101111111001010011101
00101010110000111000011000001001
11111101100010110000001101110101
01011001100110110110100000101010
11110011110010010010000001010010
10000111101111100001100011011010
11010100011101010000001010001000
01000100101100000000101100011000
10100101010011101111111010111000
00110101010111100000100011100111
10111100001000001111110100000100
10100001001100101001010101100011
11000011111100000010100000001101
11000110111001011100010110111101
11111110111110010000000101101111
10110111000110101101011110010111
11000010100011010100000000010010
00110011100111000100001100010110
11011111011000110010000011101111
11110111111110111011011010010110
10010111000100100111111101000001
10110001011000101111000011111101
11111110010000000111010000101101
11110110011110010110110101011110
01000111011110011000100001011101
00111101100111111100101110011011
10110110111010110101100110101100
10001110111000010110011111100100
11111011110010000011010010100011
10011111111111010000110101001011
10010010110010111110111000101101
00101010100001001011111101001100
10101011011001000011101100000110
01111100101000011010010110001101
11001110001000000011100010011110
00010110101011001101001000011111
10101001001110100100101111111011
00100100000001100010001100110110
11100011100101111010001100000100
11111111100100101011000001101101
10100111000010111001100100110010
00011001001110001000011010000000
10111010000110011001001011000100
11011010101111110010100000111000
11010111110110011001100101000010
11101010100010000001100000101110
10010101001101111100010110001000
10100001000100100011000101110010
11000011000011101110111100001101
11101110101010001001100001001010
11111101110011000110010000100110
11100100110010111010010010000011
01110101010010000000010100100010
11011111010000001000111011011101
10100010100111011100101100111001
00000000110001001011101111101110
01101100001001111110110100100011
10101111100000111010101111111000
11110100011100011110110000000011
10001001011101010111101101000110
10011111100100000000000110111010
01011110101011010111100101000010
01101100110101100111101010000011
00010001001000110111001111111000
11011011010000011101101011000000
00111011000001011000110000100101
01110010011101101101001011100110
11011001111101100001101110101100
11000010100101101010000110111101
01001100011000101101111001011011
11010001101111101000011010011101
10001110000100110111101001101111
11110000111010110101010110000010
11011001000101100110100100100101
11010111000001100011100111101011
11101110000011001001100000000111
01111101101101000010011000101101
