4542,7291,3598,1318,7851,4774,834,9034,3326,5945,4146,3045,4056,4090,8316,2167,3306,284,3779,7359,1685,9410,3781,406,2061,5138,9736,3349,2984,36,3109,2679,5145,585,6913,8248,388,3129,6452,3629,493,6709,2232,862,4898,1243,9712,1678,6081,807
1186,8219,3735,806,5491,1409,6055,694,7213,1897,2563,5450,3999,1998,1017,3642,9681,5472,9869,5446,4275,9681,8415,3355,7441,3229,2313,7950,4853,3271,296,7590,5145,415,804,8182,2151,9263,1965,5720,4895,7941,5252,8453,1636,9802,9187,8176,755,1409
8058,835,6737,5931,551,6064,9808,1255,8673,8730,4030,5592,9489,8333,2203,670,2654,615,4452,2838,931,6538,9441,5437,863,7978,3463,1152,7801,8336,7434,383,1806,2321,2931,335,5033,5049,9130,5471,893,3985,9201,883,5250,5392,5532,5260,7290,1181
1360,9880,7534,8914,7223,4645,1082,4140,3117,4209,4929,5759,4795,3422,4478,1894,8814,8097,5961,3337,4866,1833,6387,9031,6976,1628,5422,6066,8849,4605,7675,5083,9262,5722,4481,1026,1110,9522,9415,9087,8171,9060,7790,6767,2425,4802,8078,134,1636,3925
5931,4451,1677,7034,2532,8577,8528,4297,5161,2297,2301,9926,5606,2469,1665,8192,1200,5904,2849,5463,8410,3273,5827,2652,8580,7446,4856,7792,8849,9300,2186,9518,2564,589,7694,4004,6087,2947,933,4588,8455,3608,9317,4474,1855,9264,7615,3134,2751,5262
5453,1673,2056,4379,1786,7100,7895,4374,1165,8843,7356,9253,3012,817,1671,5689,9241,4845,9630,7872,6371,4251,2620,7699,8940,4253,1577,4448,650,8839,1826,98,8477,1051,4501,2620,3284,4121,1228,4181,2860,5576,7443,3308,5397,2242,8887,6301,9363,9481
2413,4396,3582,1287,4893,2398,5606,4260,4105,5352,6488,9201,2829,4447,5189,8481,5845,9630,6373,6471,8469,4293,4583,5913,7785,3150,7731,7044,8074,7340,6319,4442,6618,3164,9066,1735,9420,3501,7112,6786,1779,1292,299,8478,4453,6840,618,159,1419,9141
2785,8217,9192,7788,4868,6420,3395,31,9921,1949,6291,105,9537,3734,1527,2340,539,1182,8111,2085,966,9019,330,4274,4600,3155,6221,1283,4447,9561,5564,4902,2795,2965,1880,7804,647,4621,1349,562,2850,1551,3655,5322,7422,7121,3113,5575,7428,6911
8233,5944,6098,3523,5603,5195,8499,3395,3528,4979,8313,5396,5115,1316,2265,6317,8937,2283,5459,4982,2002,3387,7532,9711,8136,6546,8842,3197,3427,7130,4443,735,8462,5915,4850,7199,6418,2797,8496,9827,3004,1116,651,9715,8334,8628,5677,9942,7407,156
8716,8885,3615,9375,2001,4353,5116,7653,1191,2592,3514,6096,418,9746,7090,914,1258,290,4586,3388,6994,1816,4477,161,4185,843,6374,3402,7005,8115,8302,7858,2183,141,7744,1873,9670,9256,3637,8935,6603,1485,2482,6958,9423,9515,5034,5153,4077,2112
7552,5195,1423,1876,3389,2568,3672,110,8186,3673,5627,330,9755,3,343,5315,872,1430,2848,2906,8489,7275,5546,9720,9278,1959,1476,6160,184,3949,4351,2365,2648,2559,9306,6171,6993,4580,9931,578,9020,7637,3724,973,7832,1314,2576,5129,6812,9634
7585,6089,8859,3991,3287,182,8739,7920,2950,4499,82,8184,421,6206,325,283,6646,1155,8286,857,3191,1451,6017,9587,9668,1425,4011,6243,1799,8789,8048,6472,7342,5738,3760,7694,3622,58,3044,3100,233,7785,6875,1015,1122,566,8188,8644,2265,8990
9255,2091,4607,4475,2684,327,4647,5578,1127,1866,1391,7626,4199,4109,8922,5632,9562,7524,60,4184,2983,9456,7537,9878,727,399,5482,4234,3872,5854,4501,3713,800,254,616,2392,7874,4020,2585,8716,9632,4682,3997,4365,6726,8772,8171,6993,3230,461
5212,7700,6382,6704,8914,6285,5258,6690,8850,8108,1559,5772,5759,640,333,7078,9237,6661,951,8575,1534,8874,1515,3401,4964,769,7104,7170,9700,6879,6849,8189,4811,659,9053,4478,4416,4947,7096,533,8221,6642,978,4834,1180,2047,2274,6519,26,6294
383,9627,8234,8857,8042,5754,5897,90,4891,8314,1785,4591,7030,3448,2764,5592,4794,5489,6815,1292,3814,4061,9408,3919,9928,1525,9742,6097,3523,453,9628,8672,3245,8189,7921,6141,6115,8465,5551,5068,2905,4464,9069,8709,7249,4050,835,2567,4246,3931
706,9388,5847,2380,5294,2808,4811,2361,7610,9211,1957,2948,1918,6998,5317,8,5414,5322,3032,8546,2602,5324,414,2890,7606,6596,7894,6512,5589,8965,4584,4080,6639,2903,2334,6488,2284,3216,9280,9473,5795,8161,587,344,9156,5148,9389,9537,3215,1156
1631,5041,3999,1245,8975,8506,4054,3602,9241,8164,1029,3093,5346,5910,1272,6624,8241,5651,8653,4363,2667,8353,63,8311,5817,5574,3267,9159,8743,2907,1006,3198,7483,4802,1537,9027,2624,7460,3698,7553,8495,2531,1208,9819,6041,4526,8099,1437,8099,2979
8517,749,6511,4494,5969,3344,5011,7216,4351,1513,8728,2683,7576,4685,1056,2361,4964,2210,2485,653,1550,6598,6106,6017,2049,43,9905,3934,7714,9040,2793,7754,4873,251,880,7356,6268,5730,4381,7387,5802,8553,5523,3508,8610,6661,7347,1131,1421,1663
321,9016,6046,7620,2512,8546,3269,3130,1181,2730,1482,9053,3093,2718,9196,6856,8788,8894,7926,8671,9019,7195,1258,8792,5565,5067,2430,4586,3174,6810,1408,1245,153,3322,4886,5425,3332,1179,6678,6699,6802,597,159,8698,2461,4594,2819,8232,4989,7401
8785,8796,4194,1717,5187,2476,4874,8516,5265,7359,3839,6715,6623,8960,1520,5879,9690,2495,6618,6734,4715,2210,6995,7556,1317,3097,8483,4025,8513,9823,8288,496,195,6684,2308,8203,9208,5815,3757,2114,7167,9769,145,8610,689,6749,7163,1090,350,1283
582,7264,8869,2500,7589,4010,912,3439,4525,1465,1146,2,4576,5320,9294,837,3015,4626,9229,7280,3051,3977,2859,8300,2896,1811,1607,9287,9646,8031,1589,721,4189,4662,5642,4036,9484,5436,8116,3184,4478,8005,4899,2820,4322,3284,1847,4073,6286,7807
8183,3160,4920,382,4187,6716,4240,5907,7239,4130,6044,5539,7461,2557,7281,7170,4286,310,3340,6925,2532,4832,9611,9329,9551,2633,7146,8377,6498,3373,3101,116,2537,3301,8839,4837,3026,7708,8245,932,9813,994,3338,2834,9937,970,9112,5385,180,4542
9672,6834,4678,962,278,2033,1443,5382,844,26,5923,1205,5577,6583,4280,5290,253,1761,1075,3378,2788,571,6019,2252,108,79,8140,9309,1813,4160,6352,8929,5109,414,6956,6092,4324,5640,3634,8222,6555,460,8590,2996,7284,7050,2087,1515,9949,935
8484,9200,2687,4109,3576,7155,5286,5295,3435,4698,5916,1289,1575,1314,9462,2550,6140,3488,3050,1580,1552,277,3915,2035,1879,8927,3140,4147,3498,1853,4221,5738,5575,2107,8492,6812,4181,2683,3211,3909,2450,3285,3521,3866,2140,7589,2608,9406,2696,98
3867,7040,2434,5391,1410,4593,1217,2683,9483,7124,7222,6643,3039,5679,5297,9351,286,13,4832,9193,4799,6549,7846,9841,8104,598,899,8814,2183,249,8917,4808,7819,7416,2955,5057,3874,9965,1650,873,7247,5283,6318,9761,903,9065,8774,6199,2553,5157
7293,672,2312,9477,7833,2468,86,2608,6593,1234,3790,7243,6599,8196,142,8360,6064,9822,9920,6489,8940,2256,851,2674,695,5627,1930,4685,6043,8752,5825,934,2271,4388,2120,1366,4383,6240,1870,4798,313,6548,3914,3529,2578,3051,3800,5476,9780,746
3679,8106,5813,1139,1131,1447,1428,9958,3148,8910,3666,3830,6811,9238,1882,7977,6355,8271,1134,8313,3107,3922,368,9545,7103,2103,2058,1793,9838,784,1419,3930,2820,9699,9615,2469,8460,6469,9673,2565,3921,9105,1055,6813,4233,5831,8450,4036,8223,9394
8089,1973,4491,5218,9945,9763,1264,7448,2499,1946,1523,8720,1082,3329,3715,3352,1471,1115,8136,6831,6715,1324,3452,4345,5560,9129,8689,6191,1725,3912,8766,5635,6964,8487,8249,6001,8457,392,5602,5265,5297,1226,714,4440,7044,2867,2751,990,2265,7289
8677,7691,8477,4416,9010,1499,8016,6525,5510,9841,7836,8185,1892,7191,8866,5202,2578,4035,275,8491,6409,1301,4376,6084,9097,7884,5694,5204,5741,6857,4705,2642,1430,8988,3876,8324,2230,4970,8010,6046,2460,3376,3973,6348,5447,145,1545,507,3592,7339
4443,7041,6569,7464,3515,941,563,2033,6203,5081,9009,9212,3163,7916,8623,3558,5059,1404,734,9099,9612,144,3271,8338,4795,9396,4057,7654,8155,2325,7697,1727,7190,7373,7509,2320,6000,8857,349,569,3392,8501,334,7404,5819,313,1796,6716,2174,4972
9580,3282,456,9495,7771,602,3619,9989,5454,2010,9245,4422,2415,4114,8247,723,2849,2638,3945,8427,2617,7849,4383,140,2393,604,8357,2430,425,7124,4746,9145,1684,7042,3060,1190,557,6379,5344,7283,5740,1168,6259,704,5624,9096,8899,1927,6514,2041
3595,4009,9260,8405,9807,1058,1717,6769,9020,2798,2819,9809,6635,9718,1723,8767,1378,99,9087,555,6038,6499,8117,3452,962,9224,7967,1301,3965,5070,6060,9746,8410,6629,9979,1330,5137,4764,8136,9486,3334,3391,4500,9783,9363,8983,5349,6158,5943,2896
3847,9997,6026,6936,5165,8611,4492,5938,3673,4653,5513,4794,8707,64,2714,7284,4393,7026,5772,2509,2564,3160,7605,2387,2386,3226,3624,288,5541,9395,9655,3506,1576,6373,5040,8246,8233,3401,3413,3698,8072,116,4028,8754,1642,1045,5023,7401,970,5194
9409,3418,1629,8099,7375,5663,2928,9134,5502,1942,1569,3441,2150,5676,7046,2999,8298,5281,7533,5281,5267,9115,2705,2110,5081,6535,1382,4005,8157,2506,2450,5999,3110,197,2408,5569,2886,9079,7810,5959,8168,4044,9546,9293,7656,1556,485,2135,7230,2014
429,6992,8409,1011,7129,4479,4277,6207,9291,2085,8216,345,6326,9891,8606,9684,4121,1001,5039,3135,7261,7769,3706,5479,7495,5306,2241,2812,2730,8200,9360,3088,3004,5721,9594,2268,5475,5003,2291,9101,4268,6024,6692,3163,5464,1435,398,730,7924,9037
3774,1946,8211,2568,7705,6537,9290,8413,9012,4233,6967,5904,9187,1868,8063,3025,316,7738,7139,5814,7239,3029,6190,1811,6852,6196,958,8140,3993,572,9324,4849,8695,7421,9129,3912,1272,3720,7576,825,5671,6094,7138,3346,6475,1396,4649,4875,5473,3795
6685,6948,4438,5756,4629,954,6094,2200,8891,6936,5988,8669,2214,9066,2126,7756,9700,93,4875,4503,3812,3923,5292,897,3054,162,9997,1982,1168,8812,7151,6633,6933,4041,8083,2180,212,8032,5140,9370,147,261,3346,7009,4581,3676,1831,8299,4471,2028
9607,4283,6339,8574,9465,1572,415,7813,5980,9805,1909,9335,5320,3985,448,5385,6547,7316,8560,6410,9692,8127,2378,9782,4647,5308,3263,7770,5093,3213,8646,9655,1216,5303,169,3455,6544,7708,121,4909,9309,9446,9887,2289,817,8415,5024,9609,3369,2973
4028,2043,5272,7643,420,6894,9464,4435,9301,3321,9758,456,5957,7987,7912,3039,201,1689,7670,1485,720,1167,3075,2027,4016,2078,7134,3079,6763,8123,921,5653,4269,8279,6285,9346,5221,6403,7944,137,590,5516,5812,7294,8681,6132,2709,8215,7112,7377
2495,1499,4745,8975,8994,802,6125,4096,1779,8125,7956,4548,5176,31,2839,9572,6511,7464,5810,8855,4059,2418,7004,5704,2045,1284,7156,7855,2363,8164,8426,1131,2671,9129,3591,4529,8063,4239,681,9182,1860,5908,3503,3496,1385,1759,9790,7123,2866,2080
7070,2288,7174,3202,9988,3488,5003,7069,9436,5110,8957,169,5090,8458,4922,8205,877,4009,2077,4788,570,570,181,6033,384,4444,5329,6809,1253,8987,4250,2751,5021,6273,2685,3422,2873,8729,3155,399,5028,8526,7151,8618,405,674,9300,7209,577,11
9857,9623,1937,7336,7321,6376,3772,7794,5603,7426,5249,77,3659,2873,1555,6446,9219,8393,1056,7158,6057,3628,3488,860,6902,619,1751,2312,7025,9377,9287,5852,3518,699,5221,2237,5174,2172,8901,5903,7699,6381,8245,8656,9032,2850,3156,6618,3148,2487
3037,9676,4945,2777,9556,8338,2661,833,3851,2000,676,8043,6785,2014,5800,3141,8760,4141,4702,8387,6065,1832,5606,2431,7942,4486,7367,9293,4356,5019,5884,5869,9299,2430,3055,6202,5156,9574,3585,5583,3766,7949,7619,681,2500,3046,8260,1192,479,7691
2327,6367,4883,9407,9663,426,6808,627,5675,1391,1656,2836,1320,2286,2184,9633,1831,5634,7940,8586,1037,7257,4844,6100,8608,9280,4037,3081,3349,1544,9325,4732,8771,9445,8991,8314,2883,1684,6431,7980,1687,8716,8530,281,2404,8926,7245,4584,5917,8023
5625,9172,6285,2452,9568,7336,2337,228,5127,4505,1008,3289,4903,3907,3831,9048,4601,4955,821,897,734,7924,9520,9720,3608,9678,5971,7329,73,6008,517,2443,2534,3254,6310,8515,3255,1950,440,5929,1182,7020,9016,783,513,9317,8071,7054,9477,232
4378,8707,8249,9472,1434,9095,9933,5127,9545,3660,7422,837,3762,8627,9919,1654,4395,7610,6644,6825,1402,9714,3326,5380,4337,1247,5070,997,5975,1353,1192,4036,5333,832,9606,996,2794,2988,2805,6360,8155,2738,3680,3250,7930,7042,9560,8710,4369,4589
6509,686,9387,2357,1787,2935,4576,7980,2339,6216,2379,6846,4853,5586,7514,9195,423,8227,8530,5916,9781,7541,4876,487,837,5571,7423,590,2901,1084,2203,5905,4339,5840,5487,116,4249,6551,4888,8443,6212,2593,1175,7761,3887,2504,9758,1496,8481,3185
9158,5403,7231,2834,1520,9328,3775,9069,3718,5017,634,667,3149,7049,7645,5156,5914,739,5325,2874,7838,1470,3172,3925,4719,806,172,7481,9908,6316,3591,323,5596,6557,5545,563,4812,6448,7186,9316,2740,5544,4428,4118,7180,4553,3789,2829,2480,1000
7337,434,469,5707,2008,7831,9031,6128,8159,2616,2624,426,8222,5357,5415,853,6294,4268,4467,3259,9700,9691,7179,7743,1550,291,5371,8406,8200,8624,2725,8533,1283,7685,673,6,9508,2332,6994,3572,5645,1611,5271,5158,5162,498,6827,4601,5337,8577
1354,2197,9623,8503,2192,5441,9059,7925,8239,4435,6194,5776,8812,9808,1934,5941,9015,449,9883,8968,6534,4038,8536,9493,7741,8629,3358,6839,7883,923,2489,4678,6740,3891,6015,6955,2519,9236,6433,2992,1371,2516,2686,7090,4187,4155,8526,6488,4314,7458
306,6606,1125,2490,1318,7370,356,3497,2559,3135,9757,3184,3335,3567,549,3432,5970,8972,4611,7562,4796,6311,3955,9469,9169,3626,1700,3930,408,7057,3871,1404,2621,1666,1892,6068,5161,4029,6531,9512,6129,7279,5107,7339,7752,1345,1650,4312,5458,9981
2202,4728,6598,8112,4604,5763,6814,9819,1388,6275,2046,4356,5561,5604,479,5641,1911,8439,2679,2436,923,8070,8199,8634,5250,3026,3281,8766,4574,1463,8963,8499,9455,1378,3668,2046,4538,9737,8602,377,3240,8168,5702,5028,8221,5932,5357,663,3858,4664
2083,3074,1282,3317,1574,357,9583,7223,3300,2027,7198,1018,6458,8561,8501,2987,1115,4133,3599,8339,281,2538,7034,4974,627,9959,4846,9706,5162,9663,3641,5003,2578,2187,2267,9867,1858,6227,7452,3951,199,3085,4853,4708,2811,7532,8338,9848,542,345
7281,9030,6830,9279,5287,1337,1817,2416,9488,8353,7260,6469,5488,3828,2806,515,9307,2459,8814,3817,3230,1005,9565,4038,5528,7210,8874,1239,6904,1309,7361,1950,4692,4549,4927,8846,7731,2861,3532,7779,616,6774,4085,5903,5723,7478,2292,5166,5253,2234
2879,5819,1945,5559,7610,1051,8666,9198,9850,7191,9372,7166,936,5720,9419,8852,3613,2395,6322,2845,9536,3460,2761,3660,8585,3806,1646,870,3233,3744,2606,6842,2553,7708,944,8559,2451,8689,1407,5110,8736,7824,4898,3183,8007,2843,9450,2263,8399,7129
1655,3454,2697,8519,3687,7559,3197,7080,8284,6568,2576,9725,3129,1633,7071,8976,233,3402,8362,4602,1260,133,3520,5477,3230,115,8002,2699,934,8739,8839,5677,5448,6532,5900,6304,8903,379,4997,4593,2827,7328,8101,7513,2906,1971,9830,9884,7895,3532
1445,300,676,9328,9453,3754,6260,6047,4334,9932,5586,8699,2378,5546,776,2371,9484,8547,2637,4749,5333,3500,5165,5570,5604,6856,326,274,8977,8948,3373,7833,839,249,4411,5978,8604,2500,4712,6695,9470,9090,6402,2083,4379,9413,138,3662,8237,2484
9803,2464,3744,94,2600,8081,3857,4111,2208,7844,7813,5131,1249,4948,7700,8007,8790,1943,1088,2679,3550,6319,6806,674,8907,3455,767,8065,2227,5643,6803,2135,1735,3144,955,9707,4990,3186,4193,8528,1101,7756,6006,2533,5573,5522,2560,4456,7529,5483
2382,9462,7930,2955,9146,7582,1521,36,6858,7011,8408,7644,7218,2736,3717,7625,6153,1141,1492,5849,2454,5264,4240,8895,4264,3431,8350,6887,3023,2002,1095,7563,4330,758,6927,2494,1150,1083,4294,4357,8799,6687,7771,2726,4990,3667,8168,1560,6991,3811
6798,2538,5574,5171,9214,7407,8878,3813,4112,5671,1862,9111,2628,906,344,8410,2403,5197,2982,8125,5824,9158,9443,5383,4737,4252,1772,9252,9636,7400,2929,1159,8016,8488,4164,2381,2233,6594,5261,3618,4863,7446,3431,813,4004,5772,7947,2950,6584,1996
8871,4521,3939,7724,346,242,3342,2180,5758,3463,1790,9293,6707,5973,2942,264,9732,4899,2984,5164,1224,8659,3007,4295,9672,6839,908,7669,5512,2096,1012,3230,6867,9473,6450,6330,7383,9202,5014,3712,8554,608,3513,6364,232,6450,7084,1662,7786,1223
5852,8383,2085,6171,6532,1183,6316,2073,3584,1658,2690,905,7977,5289,3392,5978,3793,8740,5199,1147,7629,6373,2595,5460,522,3496,2117,7794,5725,3838,3115,4575,4907,5841,1861,8527,8402,5778,311,54,6722,9534,5982,3800,6028,751,6401,8921,917,8095
7974,4050,3334,4503,7741,3013,1748,8613,5037,6456,2039,2556,4345,5725,7145,2101,4415,5986,3741,2484,5821,676,313,4549,6112,7423,9729,5365,2394,2688,8225,1789,7263,8731,5207,873,189,2152,2875,4759,6629,728,3884,9659,4330,1798,5833,6672,8917,9497
4872,3576,5906,9990,8806,9956,6075,4418,7132,9471,159,3780,2714,4692,623,3321,8771,9969,7029,2594,9236,6915,8449,2216,5714,9776,4529,4495,6591,9572,2556,6056,6857,9955,5483,3264,7599,4958,6404,8054,9745,6384,245,1994,51,8056,8250,2401,5181,3681
3003,5861,2338,5372,5636,3657,9163,2191,7794,8746,48,807,6631,3297,7234,889,7259,2982,7832,3671,4751,462,1971,5918,7518,6596,7664,3115,8643,8726,9402,8542,1137,4822,3738,2902,1939,3041,3340,1596,9745,9165,2639,6380,1643,9355,9912,7022,7189,3612
1203,5139,2688,7263,3992,6875,6752,4728,9718,4035,6751,5853,6143,9147,9229,6442,7263,374,2738,1364,2857,5771,7602,442,336,1736,5900,7352,9616,5894,3727,5909,6759,823,9530,2973,7763,5500,4814,8441,4040,6483,4785,4425,2798,7582,4802,6739,5749,9807
4372,4917,8262,8623,9498,951,6872,7278,2989,7052,5068,7204,237,1639,7685,9622,4321,1035,6327,2900,8716,7610,9051,7312,6463,7471,3804,9977,8485,4375,3425,341,4990,5689,1511,3677,7596,4071,8539,8610,1956,7500,7201,9645,7681,8773,8323,7540,5787,4637
1913,2073,8510,2305,3586,812,7563,2066,925,9073,8696,6440,4694,3532,1828,6291,8432,6569,8859,6237,5371,3320,6338,8572,8931,7477,2112,4276,2005,2182,6666,7560,862,1197,5913,4800,369,5133,8025,3655,9669,2026,6641,8412,8441,4265,1770,2184,693,4470
2461,3663,8782,3429,9438,8111,7125,7728,3503,2902,5454,127,2498,2288,1800,181,479,5517,3325,6215,4958,1329,1511,7991,1538,9829,4269,47,99,5596,5705,746,2133,368,4760,6268,5866,5274,4381,4433,7489,3584,5090,899,3033,7080,9020,9701,9878,6715
5705,2828,8126,6581,4137,830,8993,2377,8855,1458,899,4033,4274,1127,9624,2995,9868,7249,6490,3920,9342,5390,7514,6294,4230,7462,7009,6789,2622,9153,3937,9422,6650,6306,7165,2198,4782,9825,2305,8283,6809,1799,2687,9678,6050,9714,9448,6942,7278,4840
612,5046,4123,9465,5422,3916,5965,3309,4158,5338,6562,6972,4548,1513,4099,7852,3166,4633,8761,5525,566,7342,2730,721,2171,9589,5567,1903,8523,2100,9379,5542,2474,3727,9338,8310,561,822,9643,7019,4358,1004,6300,811,7715,1858,6952,4063,5638,3682
7584,5358,2405,6280,2219,7876,1483,2330,6075,6193,1427,2489,2174,9182,416,8751,7981,4043,2871,104,1141,4228,9274,7950,4223,9138,7682,4796,9934,5565,6536,4820,5765,7199,6512,5660,3154,6900,3410,8114,8427,9406,5270,5633,6132,6228,9420,7708,2586,3210
709,7639,3214,3548,5761,5973,7505,2693,6854,2315,5945,1164,4137,8851,4653,4477,8765,6430,8755,5894,2933,6305,2355,7944,6535,288,840,9757,2768,4760,4627,2137,3726,3733,5867,6248,7277,8388,1029,3847,6033,3043,4763,2271,7757,5973,3884,7340,7886,5905
1713,9053,4872,9146,1031,6116,2811,7562,574,3212,4272,5639,3677,8554,7654,3495,3279,6107,1523,2592,8030,2045,3161,7992,58,2027,7720,4443,6326,9136,537,9739,4720,9389,5134,3666,5195,4149,5812,3219,27,933,3266,862,6108,961,7793,3026,3455,9514
9751,8764,3233,4443,1425,8654,9226,6467,7933,9211,3359,4365,7521,1439,3813,9770,5372,9116,9747,8801,6455,5007,3650,829,6632,624,5300,1572,6291,2440,9838,327,4988,1373,7347,1813,2221,4425,2350,2267,8304,4073,811,1814,2251,2465,4595,6121,294,6925
7075,826,6633,4002,5160,8998,7942,8866,5992,1573,704,7422,5648,5800,8423,5047,1222,2223,1265,7917,5882,4647,3415,4856,3598,3888,329,7173,5743,6109,6623,7128,5678,453,9517,2864,1728,22,5649,904,5550,3497,9309,2201,3018,9968,7275,6893,559,7404
8482,2430,6259,4556,7380,3309,892,175,4097,95,795,2699,8236,2033,1882,5382,1031,5277,1726,5681,8253,6453,9369,5092,1084,8347,8367,4580,6366,6019,5682,5009,1042,4352,1068,9789,380,5659,3640,4375,7349,9955,3710,6965,5776,9758,3065,1120,2555,7709
9991,9209,7710,5405,2380,2058,9875,3114,1635,5607,8466,5726,915,2610,8551,6087,153,1614,4210,7415,6264,4652,3259,485,6218,4705,3392,7825,9649,2089,3981,7076,5822,3524,7927,6293,4573,1470,9573,6424,7419,2701,5515,3970,8213,9475,3012,2023,3199,2627
6667,4,7998,993,5174,6217,5427,546,5232,9470,5764,1539,706,4246,7432,2277,1501,1969,4494,7589,6998,6331,1595,3418,2398,8130,9454,1848,8237,5973,2914,5649,8603,5543,4767,459,3323,9667,1341,6797,6484,8938,6791,227,8140,5207,5608,2993,723,7972
7716,2947,4170,550,8901,9443,7807,1826,1089,1540,9574,4355,9156,1963,9941,1556,704,7678,9932,8775,29,3444,4175,4072,5710,4972,9345,9148,9234,6682,2111,1891,3155,3708,7206,5516,1679,2987,1442,2392,6641,5196,5780,5318,3132,3302,6350,9358,9251,6878
126,4105,3191,7358,6982,6141,8077,436,5716,4071,6379,5078,8163,4337,1776,180,140,2339,2141,4374,1818,261,3332,4164,2025,2914,8059,7764,5946,6041,4861,8222,4070,1709,1485,9932,2092,2365,4872,1725,1481,7565,5478,1512,9683,9155,6668,3486,5378,1342
7554,616,411,3743,1132,1520,8827,6956,5447,427,1116,2698,7922,5683,295,9272,7910,6771,5670,5675,6803,9276,5972,4163,6552,3061,9108,5244,7406,4687,4475,2432,3682,2470,4779,6522,8654,8627,221,1702,3123,8702,9433,20,277,6513,3925,5340,7635,2040
9432,827,1,5509,2410,4203,8052,5520,8042,2209,9417,6411,3787,6895,8306,8019,6812,538,9582,8034,5971,4822,7108,1570,757,4733,5740,5900,7028,7246,1546,8494,3525,4098,7768,3755,5277,3066,8206,4109,2968,9381,4801,5046,4918,7710,3941,5555,8339,8897
3360,9553,4097,7758,5373,8026,5059,7734,8490,7688,4680,3874,4479,9610,7411,2980,4650,7076,8931,2597,3883,4304,708,1373,3705,7331,2865,3057,7808,5691,7395,9574,9944,3492,3659,5555,7075,3050,8328,1445,2946,6760,2342,1709,6212,3615,4211,9460,1981,6770
9135,9374,3951,158,7455,8892,1735,7511,718,8475,2070,9246,6993,4667,2458,3551,8805,1738,9209,9270,7432,7918,9514,5601,704,3969,7040,8673,4140,6006,2099,8762,5013,9771,7324,2874,9456,8791,2381,1590,1123,8434,3083,2480,5761,5860,5802,7685,4964,6293
627,1426,230,7908,8276,7927,92,5604,6340,7396,5728,7024,5921,7104,409,7262,6584,4984,5369,6673,8193,9444,7123,4793,8084,7157,5542,4502,6683,7819,7115,2234,6998,9363,3831,5308,9509,3918,4093,5144,6422,9676,3555,2883,4603,5351,7295,4637,8855,9245
4863,4959,2501,8501,9634,6564,1956,6194,4389,2468,9731,7397,3854,5388,421,1116,7151,649,6609,6041,2743,5122,7610,1198,7435,5910,9957,3988,6828,1290,1436,9611,9717,9173,2590,2700,3492,9143,4960,7786,7586,4947,5845,4263,9073,4526,9173,8050,9729,1040
5837,1885,478,167,6018,8509,666,6234,1795,1388,7987,8123,1051,6936,8576,6854,9776,2894,9181,4966,5131,529,4880,3063,7572,436,7544,2022,8329,216,5922,4452,9418,7710,7159,137,1381,7070,7173,7590,2137,688,8327,1987,3257,4856,7732,2807,3631,2527
6786,2693,8938,8780,5748,179,373,6273,823,8486,645,4578,3333,5978,3711,1712,6692,2702,516,5732,9471,9580,2699,7511,5022,5157,6409,4045,6500,747,4063,7587,5621,6872,4719,4670,9106,3580,3612,6114,5299,1460,6430,5348,7695,7493,4239,8823,3195,7305
9909,7026,2813,9760,1132,8179,7195,6935,3087,7613,9573,6694,243,7245,1500,723,8977,4699,2813,4421,8381,7371,7854,99,6375,5298,7396,234,382,6166,8399,3165,2044,7535,8275,3959,1362,8650,7603,8508,5136,2156,1131,9581,8337,9586,6154,4811,1793,3927
8570,5634,8572,2048,846,135,2565,4721,8920,9021,591,6530,9428,7728,4492,2172,1204,8420,1855,3262,72,8184,5216,9820,3353,9140,6076,7206,6867,3426,9701,8519,9309,4585,797,3460,6582,4835,9611,9476,4766,7377,4552,5071,4046,5493,3705,6799,6725,1820
7049,4883,5472,702,4801,755,9268,6542,3303,2493,1099,509,5793,7518,1033,27,3780,8220,4762,1773,9502,6688,395,9962,1275,2273,4513,1887,2504,6507,5193,6403,7522,7711,733,5156,2218,1028,128,4896,9495,9947,6727,4096,9976,3104,4579,4639,6597,6940
5775,56,8336,1415,130,9421,6846,139,6210,228,2140,4117,7414,2764,5343,5108,9925,9693,2652,8099,5232,6141,3601,4531,9161,2191,254,5489,3455,5622,8275,7496,2359,5256,7720,2735,6424,8782,8227,8291,9331,2775,8185,2463,9806,9035,6148,8215,7563,4829
4557,133,5337,5226,8967,4490,4903,4463,7672,9942,9840,8999,708,9843,1720,2913,1687,8092,3745,8272,2943,587,2778,6764,3700,1487,9333,197,6517,9724,324,3544,7089,973,1343,3259,7886,6420,5620,7122,8633,7506,3147,7380,5754,3267,597,7975,3699,5168
289,3911,8470,5176,7338,5350,4336,56,2032,3550,7142,3703,2754,4578,282,719,1029,2530,4874,8453,1492,5517,6421,8794,8372,3313,6475,9770,658,5518,9168,5809,7835,3480,3980,2493,7415,955,1666,6111,7651,7961,2107,3419,570,3327,1807,1967,8368,4166
7807,3937,363,4373,4561,6064,4430,9763,6201,7196,8739,106,881,8274,6036,4135,2613,7504,9477,5150,3037,7079,1538,7515,3272,9806,9713,1475,4561,9074,1828,3993,4017,5931,1821,2092,8561,1898,9454,7917,9033,4847,9292,7375,5242,599,3775,5511,2453,7187
8921,6483,2358,5908,5344,5159,7808,1442,8394,6930,8150,4715,6068,1983,4371,4904,5071,136,3959,1691,663,4836,6415,7877,2497,4257,2480,7829,1313,9197,2623,2267,7301,8622,9168,2778,8626,9122,3673,715,7737,4256,1202,8654,8165,4381,1371,4540,8211,2683
57,5448,3087,4908,5951,1492,7287,1428,5782,9407,446,5324,793,4188,8927,1587,527,1486,7500,8255,8229,4207,1762,9185,9319,7456,874,8583,6987,1691,1311,7723,9947,4340,1783,2904,1709,8510,6513,9804,2512,441,3689,6601,389,6329,7818,7206,6600,7987
6769,8387,2105,1008,5833,6201,1308,4516,1241,2464,7353,7960,1702,4906,6224,4675,3046,8012,8781,1191,547,205,1779,4072,5943,7575,9097,1415,7674,9419,942,3485,4774,3137,7962,2691,7283,2093,6306,9278,6372,2812,711,9208,9548,1998,4892,2169,1806,4190
8259,7381,1265,4364,7603,4879,9772,5803,8135,3979,3027,4086,6246,5216,6046,8318,1786,140,6386,9871,8383,6770,8079,7393,5050,6559,7398,6329,3876,795,724,9599,6466,1850,5407,1803,322,9874,5867,9321,4580,902,6234,1195,9250,5425,462,3629,9102,3919
