1 21 38 58 68
5 29 31 51 73
15 20 59 67
4 30 39 53 74
11 28 33 48 69
1 24 32 50 67
3 28 43 52 73
8 27 48 72
7 25 40 60 64
5 16 44 47 70
7 30 32 49 69
8 27 35 58 63
3 17 57 68
11 18 45 52 71
12 16 33 54 70
11 30 44 51 67
4 18 36 48 75
9 25 56 74
5 24 31 52 62
13 20 34 55 69
3 18 40 59 69
11 28 31 57 71
15 19 58 72
14 23 36 52 68
6 24 45 53 73
11 30 31 56 61
6 20 40 48 63
10 19 59 65
9 24 35 49 70
2 17 39 58 64
PLAY
I28
G55
B6
O70
N32
N45
B9
O67
N44
G51
G57
O62
I24
I17
G56
B11
O66
G50
B3
N37
I26
G48
N43
O61
N33
O73
O75
I19
G52
O68
