25
26
27306206970702988134943455267
266653329641143800
692463309474
77398676015767719177524639281
3576180881983944117472340747925372
46727919169057102111
308757573234218091406187416940
510359921794679320320476
3641052680337839495115059
825372641582
2598510157997889186440938229
9089793549598160057
51163593833189098463897929410008623
7760861056897584938
6674786207173262962967975825945
3810612824
63423484013383433188
9479275622359614292930536791567664
1969366697062705198402050141905
99682648675
398958598215660852932804
74540765624605446300457
71520216939
718759950466335291172205
5540984481409
79416202465135548741890
30
2474754017597947151127659774158949
4915089445141894973959
8564623304389
524917454927960836
9140512688447306644851733332
265316562267
194866425219
816192615213800566895676564182765
43671024539398429068174497135054063
2900877642217
886907719038366
981386556249167658437458
54082760147752802981506194
77882374558
62073685217432
690227584241761272992
2820027052495878
42899960130339785370629072
360907300230749639466550845319719
8539605948526799748082
4221289112277647168029793022100
515904430396470504612318250076479
673789962735092989515648
17810197198336335659335680419
63427579423
8387954927610749195372289485
71078141626680562879784789816536290
926797679601775722
33957380988738988213660708710813249
869186225543202728480
7
3199241635535786434412495469155
15044837016070699656068102672
89088476346173
495314605521
29406723313945242253592366410853188
27284039353
594050055510482932364903176
19
6135919802837680921235
4555866049199695879362378206874
4188700709644312047920655349
82977689571544947
72056853412299017626841664506
827211987886025222026070812763828
269684081447051457462
34772091752859642675605831007
239373874002796
303222125535203263493621121095654
64577519629018749651099287912
194083406420661
3208829754306619427427401356551
26066024896125
6488772998864077637502497
418035371776390
66690358372071876765
75987854321639667227559808900511
763575201487740220065
27
488247393724909450376950744404517
8064315083969008725921847977
363320332910633111359356
21556698683221486261013572066796021
536120980068
1549695624223139145507357030305
58682515879600484181063592527063
9314157005312480933635176293
8603978848
48503549105906
90650813103575450508116
60055652751670843257780217364284
9785465139472044
3562263394945283654064525069830267
777661971641086
75035718752789864233399290261417
63993353223775331416301509049
1635597519852274495534398173907484
11457593004332436213830656
92542235438600488350654669549
8038703971
286218420973
8309781297
447565856743906149782
6712432563393383
1811031940
904855174629648564410
25
23886471065504419297000132228
95144458818159133836289972905208622
63117097403702
248185370965546158
2685760799181088780991990160176061
544854823665856752706214028937208
501471970661651
4887280488488262239813
16284805145006522726373023675306
31353302005273264211
403980190846019
97745446640216
6249788107652019802058252295937
82511620098336435554
151213387073257693480007
90072955429
3438107425389061041598644180891137
120286145519282658660217332482683
2221331952118246145038917797710
243588823803267
3154393769287899527715370
883516573450928523
87320198202851593046519250325526
855181759382
2481118529844385835692
16
2651132017657047554993001
3276772176544196
396103861330075109198757918793558
20827605663166547795540430935626
92415136175872
46448303769545487658408522339266
6128884502223800
9427643838
855852434676411324203879925585317
2882879335556610032577
54312616716290978723215481572234
9226333429
74688109556018639
517068292776876994
8698007528
2969342257822555
11
5722260894
58504843350053504557193
317242526773274071563
59271514699010318839960439415941869
2525444013
45853446398285101041083033627
50968773996487871717018298173543
64586415514434626453870
4900721608236951275551878643
6785349831179724
493468260472636998636374849805099
14
619482032841297034780587373493580
7377522347667465687851841
6852259918598745
4892896641544086318818098072769757
836041203950621
52128002315977
687643654149792691112799260755
52992507644368
2250002744652092103232265961535
81675558259941575950537172028720425
75278097428864607796
1394351624
46102060045256795732782
18467324063217620566072
22
95177142832466018
79261819289511352510662706
526252799767099239488224231
2226653759917125500646
35834529059948550
4234580457668424
5412923061913604
657200378414401581788334996904354
746190696496629456713242424504
72410796070465942421533441813
78668902320439878354578158
4361783309951783135776662
488577289741747346429
22581960852831933
28033303984196866
5132234349577
477290673981448
51115174576273626
9965765506200529870678290026508901
81665737800678961442731675
25276131068465425
9250126412249195236
8
2822499155053114631565936812634
313486437273554109186185164246000
18013484251537019430254
256147718436
82658672224746180272
9257335731421292546084116
3853501657256283938990845166353701
5514540680672513034743642030058
10
15432179101870984
983696621335305190276062786006508
60790694260064
47081506520
3838604545281
8305845705401979
596423565713953586
705052456130
7098297680
8647795522717526859782
19
613396131268982923979447848161807
12409591427625085613272129
260941827369071128970623505516405
8204393973053777312130835
6779066892230533
146478786229
819592302205
624049733993690448999249102394
36122846430
463710987956001412227439
74872952125728273311675237
386939083717
1579085288828880
87564154119168
5297695096301141
3871955851789510515
88624479268745096413545621295134735
773242084285699551612910599926
343165532139337534105
6
234996261246083270444940652857
6485955706964
5400528069395472
125532646582599608029730
8904604022336106492210731922165895
62501606535175212736598596591018339
26
7960710214112010594
56249605478
1264783215624046630146595060813477
7526963374403339241562250388931
8954573673863138746473565
95153975434401054426235896435
25572270758
902151940567982391341
3051395478964719746999313
649645546400551951107
8621170763003405
5661260383873071136210087
937811038229895669659131367482501
1573041807219891956205029
276709739753
5592406811392792511592166656118278
894641246205643535463525
70712650438692
523999771445047517958
6811453193435342151949055024470
4243437247398
944851028068951789397221358870639
859565177775831406480126640
33581342593
508268383084635524816984
10746701876659632730
12
61250835780797204789272244031
819257657223336917209277237
20807123794544565611116193156947035
8403516826
63388340295062150001733756957812038
6814214723515
26128257392048380516322806750019
82058277471999
114857872011782037283777
103122217358771262507
5648462006506199039853766337283
95035708706
28
7013187112497456720539
617059459155356832
6920076758838521353639390381237487
8531970046411728612494396891
90015485229354
410383216620662213382100334856
166025257015898610475593915538
16544542519378962095185358979
123920389140203028434
5819976131428
929160002704370485954836529239985
377794885676770692106
514977318274947325208359
7933747169861894492145
606157329448944050
47301146715
595332915172141253855055208936984
40830553742761594077802577
5998115814198
6846694733
6104210182724766180063143
61077397315820556618419
791723736537
486048751162067685008856
455492593743825112243405355224637
98771080391974886556615
112109717088500
39575491580048460
21
4605343003858814886480
130584165571452637845
773345194844193929616
9045480866975473028698562941796757
6539357179684554838887663916846464
5908735749517
775104923184
24656013528649007
9002823443234525067565072582
69881548335245366620160245
22231460933475870198425650871
553863946624609699
701899465261264308877536492110944
8956908591650354991760229944598
1218677478861210766002321959
2084973938768189645473965818616283
868199306539378084887
388967028006205264102454602378761
7602546032962419994
406462463445
8010992700131754609
8
194874111165645163801
2165346137556059373459857548620
726946861921
99930190394269279920044721244424
666292319962401855309230778293
152951590805053510343171
57660239157455085
8835960751543
16
839229636979275
516665605322143740997456
4312685988659148305
455427022801
4721134861033
34538795237209433833644828601827
3948242761202261
13167634182447617449143296
585268751632246233645
38562353474607115
1578238955329445572
673590628417355358196
2883233507303193513072408
253512503644763577626872
611242418766326
415231426673515761
16
75161411322028808005315103963
3325191218
528620596290568619570428887375751
6215172403676061825966387
98895823660
8110456024230172519
559679216749857815685
994374397183354563976793917
54625325783
393864640465283
40236370874
589025732132980244858428
669199690986422691404558511639
47933460766416744460324368066
23385093729232
22164173527
6
5006471449
37367359112662184505
700379090652598
45235545281707670927133104506654839
96033666272969396834079829933177964
9952795153943988239632034194633577
6
15772656431339858392990779
576288834206124879570
102618677281677385723
18796064729164321
6251904285283247008162071421
41785142394293302302858724153
29
521550185362393871253533198143563
3667055205628971264153365
664533497648
80126102456621450541237148707335
54651859002430202407414043882000
9991872373625527955056131
492220144224524667349135412689987
36499051077310624442
43290906570
87686836018900382480747897342807060
791865911008807541411473
2098026866491999443607820890203708
8824338664731800496127070499705
116775653298130728141
14685810144658068307980786325
406931256848172158
714372491282
6631794418598303455
97974368120741776
78787499336943559686987791159914724
83575810770046010
363085593698138132105009394
3613524399306
558482702698489567153962
4708283162418011348534050883946
881007865099509879056175091
51904950446399447787371114139
2766424247252037955397431426788
9017659699720
24
5845847262
8104705849498940947362
803238803723906791810878083
791632425333400300876082
130020837318159628919
26689857369223558
99164821162649992539657015374848
7273034688170979311853497
887385903815670845
614911275239
508014734719279704176437876
496865387175
8664202829686210789144710809505
989462995090
5836536512343317351620
2958567168266892544
9633975868
1938910311991832920792497349285338
226535388699533
112121233268912814
189482885899008563738845188195
3991867239884518515
7261750797533657830202835961612979
4254774578299
