5
70
8884
2502
939
4819
6399
9777
1567
7554
784
4895
3955
4241
3101
6769
8953
2133
1423
9544
7459
5905
218
7480
8688
7282
8531
2868
8175
6226
8599
7146
107
6873
3733
3949
4060
5176
9424
7898
736
5559
4206
8055
9965
7184
5033
3799
7356
1669
9021
4027
3470
2943
8423
4422
2445
3216
709
3733
558
6482
3816
8644
9618
3714
9687
6869
1194
8190
1181
8890
100
8065
7336
2891
3155
5417
8058
6421
3106
2812
1717
6313
1284
8588
6497
122
2397
4296
5615
1818
3792
3127
9153
1583
7627
1329
7367
1457
9266
1469
2050
4014
8578
4458
4072
6567
1737
2563
8746
6014
2682
2449
6774
876
7389
3356
6332
512
714
9177
278
2099
8384
9373
9440
5202
6293
7757
9573
8487
2730
8303
2893
6630
810
9601
6936
5874
9659
1927
1655
8037
4568
8346
4823
2633
8549
7697
1852
5572
3978
7601
7860
5629
484
5177
8293
4741
3787
4654
773
7437
6328
1341
9718
4198
8351
6382
5047
5920
4595
99
5249
6898
4201
7193
1260
8321
3377
8004
2331
9070
9061
9152
1982
4096
3780
7659
2816
3139
9871
2156
7150
3139
9757
8629
8874
3138
6288
5898
8326
7178
8343
830
7248
2155
6359
3946
8151
8742
6579
4085
7011
4850
9376
7149
6672
5085
4064
2505
3333
1858
3412
3321
3007
212
3347
2348
2938
996
1182
302
3938
8784
2515
2540
5480
6760
3477
4170
4854
5226
7896
392
7337
6882
5385
6475
2823
2471
5744
1928
4250
7967
2284
3133
2345
7867
8892
715
9000
7159
5297
6529
5730
4211
9380
6563
1399
9565
2196
133
4544
470
2657
7048
9127
463
5766
7634
7841
3687
4257
6066
8849
3283
9786
4653
7595
8485
2847
2864
5769
6543
7350
9150
9433
3792
9862
4690
6145
961
4764
4481
6218
9790
4585
3830
7251
5811
8523
4729
2877
8117
6118
6333
1700
4978
7473
4331
4869
592
4404
2286
6325
4005
433
7923
3798
3630
5320
8879
1147
9848
36
8618
449
3793
2640
5048
8883
655
1100
4285
3237
7744
9181
5736
1766
8734
6973
2303
704
3739
7004
2177
3996
6042
5387
3905
6728
3802
9234
8839
8036
5567
6879
2316
6011
2554
3371
9529
5732
5508
4251
4461
3161
2167
9450
7611
9880
6874
7409
2934
6393
7771
2853
8256
6329
5645
7017
8376
7324
5125
8051
7722
2013
4723
7173
7745
8090
918
4066
9335
2969
141
3837
7262
4839
8318
9204
253
1236
6920
1231
4658
6251
9108
603
6735
4065
2012
6556
9247
9404
2749
9495
4960
1292
5124
5830
7048
903
3425
4638
72
388
4731
8240
9279
3962
4249
4097
3492
1187
9406
7028
8983
2112
4164
6025
6521
3092
1251
6183
7846
942
2138
1415
9934
6481
6742
7954
7705
8090
9013
1399
9130
2409
8702
478
6215
6282
9013
2364
7626
6033
5346
3188
1249
8521
7319
443
1174
7882
6544
4100
7784
9588
3753
4556
50
6023
908
2232
2553
8070
6698
6322
3068
6782
7449
5147
4864
6083
5508
6545
8628
8201
2384
1491
4863
5225
3870
4344
2360
9767
4696
3824
8508
9782
103
9402
2113
1872
3553
2260
1301
5822
9672
9280
1865
5967
592
9760
2388
9198
219
8373
2761
9961
5473
4002
8067
2818
1858
1963
