10
Egzdugunuody
12
75390.66 7216
66595.26 1514
29593.7 4114
6239.19 6163
59900.83 2154
3313.6 7872
64363.35 8718
41282.91 1864
55178.63 4368
76999.17 7212
14258.5 5214
15800.98 9006
Pdhiu
25
65896.8 1877
29560.77 5026
11626.75 9676
29286.14 5771
79990.10 9840
41985.40 9533
50802.81 7270
2737.46 9468
31118.75 8096
75708.44 1342
59269.54 7840
28851.1 7796
73821.24 4731
25152.5 4068
43715.13 3830
22484.81 5942
77250.8 3367
52465.2 9963
66599.63 3589
66648.68 3756
47189.50 2530
65185.29 3995
11506.24 3182
21724.20 5258
11597.33 5389
Nktircsayo
14
57672.10 7806
60741.79 2078
36526.19 4327
13809.93 1687
57427.95 9695
26719.95 7979
39090.32 5238
20886.48 2477
60974.26 8670
66284.31 6313
44320.80 7151
16642.80 9931
32633.8 8332
9548.18 6696
Aml
21
28512.19 7464
79157.34 4414
39241.11 7441
77886.38 8521
77448.76 3491
76916.34 8084
54279.74 5055
43957.71 7737
14182.11 5302
48918.70 8417
65310.80 1412
7047.88 8516
53556.84 9696
51744.76 7948
46668.35 4509
68973.77 2787
20727.81 6274
58071.27 4308
60442.3 5864
34344.87 5337
42934.1 7130
Ltxphmx
7
43516.70 3976
14562.62 3557
53081.74 2702
40280.90 5884
47510.50 6937
17328.61 9012
35061.79 6505
Uloldbsewoqq
6
55055.54 8594
48717.59 9432
3008.76 9776
65546.78 6408
64558.52 6662
26488.41 7080
Qcrj
9
54758.32 1673
7424.28 4940
48177.18 3905
65801.51 5719
14391.56 1860
25663.97 2840
30196.12 5497
29776.28 2698
19050.69 7094
Emlcjgsrkmy
20
76461.77 1328
39400.76 8042
57724.78 8669
44574.84 2141
26705.73 3168
10501.12 9371
36002.64 2885
54866.13 5426
48009.2 8021
53964.70 4257
5788.44 5186
19215.33 4505
37291.1 5844
62171.21 3265
79541.97 2658
13476.18 8618
37224.46 7665
26837.4 3547
37937.98 3203
26251.78 3263
Fncfdwbyqefr
9
55445.35 7549
69744.57 6472
17328.66 9213
11013.76 3005
13442.62 7674
53166.54 1382
48169.14 9254
65709.78 1940
69582.61 1272
Vvbhomnicdcxyyt
7
74123.2 5803
77121.80 1119
8262.15 8945
51934.70 8935
75413.42 1577
52151.99 3712
14676.32 9388
