5
16
0001000011101
00101110
1100110111101110001001010110101101011000100011110101010000
1101111100010010111010101011100111011010100100
1111110100011100010100110110001111101000100001100001111010000010
1010110011
11011011110010000101101101111100000001
110101111001101000111011010001111
1000111111000010110001100111110001011010110110111100000110111010111110
010110001110011010010011111100101100100111111011000110010101100001111000000000
01011010110001101110100000001101001110100
00001011100100110010110111101010001001011001101001000101101101000010101011010110100000111
100110000100111011111100100000111111010001101100001001010011000
1100101000011110100110000110001000100111001001001101011110010011111011011110
10000110010010011010100100001110001
01000101111000101001010010010001010010101010001001101110111011010110011110100100111000001111110100
10
11110011011010
110001001111010
000000101100110011111100001011001001111001100001011111010011000000111110101111
101100011100101
000011101101011100110111000101001000010101111001010101110011000101001000100
10000100110101010001001
01111010110101111001010011100000110
100100100100111110110110001110000101101010110000011011001011110110110110011001110010011110
11101101010001100000001100111000000100000100000001111011010010111000101011001010111000
000011010101
25
001100000111101110000110101100101111001000010
100110100110001001100011101010110011111111100111
101000101100011100001010111110010110001011100110000100100010111101110011001011011111011000000
10010
00000110110100000010100000101101101
1000110111001111111101110111001101010000110
0
0101010000001000000010101001101001
100010111000011111100010101111011010110000101101100011100101
1100011110
11001000100001011010101111001110100100010000111000100001111000100011000111001110010110010
01011111001100011010110101111010100000001000011000111000011110110010011110
10101011011101011000111010001111011101000001110111110000101001110001111101
011010010011111000111100
1101000110110
0000
0110011111010000110110110100100011100000011101101110010000
10111111001001101011001101011100010110100101001001110010101001001000
0011001011001101011011000111000111011100000000011001010010111010110001001001111101010110
100001001110111000000110001011001000110000111010000001101001110110100000101
1011101001101011011011110011000010111000000011
0010110011111011110001000001111010100001011001
1101011110110100111111100101
110000101010101000011010000001110100001001000111010011101011110000011101110011010101010110101101
1011000010101110010111101110100111011101000001011001001110111001001000011100110
29
1111
01011011110011110
010010101110100110
00101010000000000011011100011110110101100010000111100000000
001010110100000100011001000101011010000111001000100011011000110110001010010
111111100010101011001100000110001001111011011000000001
00111110111011000100011100111101101011001100100101001110011111010001111001110111
010010110111101110111000001010100110101011110100110010
011111001111111100011101101011111110101000100011010001000011110001001000011000111001001001100
010101100011101110100001101001011001000001001
00111001011011011101001100000010001110111101101011101110001001011100100010101
0100111111110010111010011111
010111001100011101010100011111110110011010100000111010000001111010100010000010001001111001010011111
011110100011001000001111111011001100110010000110011011010111000001111
100110101000110010010110101111111
111000000100111100010010000111000010001000001010010001100011100110111011101100110110111010001
11011011111000001111001111101110011101100101101110010001000111111001010011011000111000001011101
10111011101000001010000111010001011111000111001
1111100111110101110101001000100
001101011000101101111000000010101001001
01000110111001001001011100011110100100010100110011110010100000000100110111011
10010111110100001
11111100000111100010100111001001101100101011001011010110000111101100110111
101000111011011000000101010111100000101100
1000000011100000111111100110111010101111100111011110100110000110001111000011111
0010001001111001111
00101110010111111001100000000
101010100101001101111100001010101000101110111110100111010011110101011011
110010111100100001111001110101
24
110111111011001011001100110100011100001110100111001100110
0001001011111011010011110110000111110100011010001111001010101001111010001101000101
0100110101010101001000101101100101001101100000
011100101101001010100011101110000010001111100101101111010100000011000101111011110
0101101010101101101011110
010100111110001101111000101
110110001110000111111011010011011110110001001101110101111111011111000011100
101011000101011100101101100011000111010001001101000110110000111001111111010010101101100
1110101110000010111011101010000010111101011000010011001000101110111101111
11011010100101100110101010101111111000110100111100000101011011110010011001111011000101101
01100100011111011010110110
001100000101011110100
1110011001010100011010000110110101010011101010011000101110010101110100000010111100000100001
01000100110000111011110000000011101111111001010100010100100101100001111101110010110101011111
10101111011100011001011100110011111100100010001100101001100010
11110101011010
00110110011100101001100001110100010010100001001001101
011001110000100000010101110110110111111111101001111101011000111001011111011
0101000011111010100
0010101110100100100100101011011011110110110110001001010010011111100
01011100011010110001000101110000101110011111101011111111000100110110010001101010011000
000101010110010000011110000000000011111101010000001100101111000000100010100011011011000001
0111000011110101110110000110111101100010110111010
10111010111000011011001101101110001100001011110011111110000110001111101011111101111100
