10
1
Yrimwnbsxvu
99,127
162,28
202,28
6
Ibrznen
36,197
117,14
157,14
Zwqviu
31,100
155,19
195,19
Pkrgoprvqzn
63,135
140,20
180,20
Esmmjie
37,159
148,27
188,27
Tndxgrtjsiqu
93,144
185,10
225,10
Otwvr
58,139
194,10
234,10
5
Jriqck
10,195
130,28
170,28
Wmdtmyojybqhlgz
96,184
138,11
178,11
Fwjtrjg
23,112
160,25
200,25
Rskpkbg
4,185
186,14
226,14
Apllnexdvyeo
45,101
124,22
164,22
3
Edyvt
12,156
196,26
236,26
Jhbcwrcvbo
100,101
174,20
214,20
Vulogh
37,197
183,11
223,11
5
Dffiwtitz
72,147
144,15
184,15
Upchgkyarpv
54,181
172,14
212,14
Mpuykkbydwjwnpu
86,144
154,13
194,13
Lysrmcnq
11,102
104,19
144,19
Ahlbbrz
7,168
150,15
190,15
4
Qythcmivr
36,185
200,13
240,13
Yzhckvzvnastrbh
81,109
149,14
189,14
Gcjzrsfmnayx
1,173
172,13
212,13
Rzeiaolvripkf
35,107
198,18
238,18
6
Vjstsfbhguikszh
82,193
138,28
178,28
Sypvvzpq
52,138
132,25
172,25
Rwrjwangfvda
62,163
193,26
233,26
Jtrwyydpjzd
64,184
198,14
238,14
Dzmvsqnga
23,105
129,12
169,12
Byxujx
64,131
162,16
202,16
4
Odqcmqjfgsej
98,179
197,11
237,11
Vjwhvbykij
89,106
200,10
240,10
Bhyfysfht
63,166
136,29
176,29
Oviedfj
24,138
132,21
172,21
7
Nqqtqdbtnlvhx
67,155
184,20
224,20
Jzloqhoq
23,151
147,23
187,23
Dzhooctve
25,109
149,22
189,22
Fwdmx
85,139
140,22
180,22
Wcjzje
31,132
177,24
217,24
Xydqigat
42,122
153,13
193,13
Vxtqqjczkup
19,161
108,26
148,26
3
Lhnbezaf
72,173
149,25
189,25
Rwfyoc
63,184
199,14
239,14
Sqshdevfvvriphx
47,107
116,23
156,23
