3801
36346 26748
36401 8428
937 8149
32755 43659
8949 41966
32088 26080
10396 30541
18284 4031
29396 21226
40394 31672
9925 12044
7438 40103
16176 20912
17739 541
9901 3433
23559 27467
42746 10007
13372 4582
29988 24239
44367 41103
2477 22411
126 28799
45200 27379
36362 24072
34320 6658
34140 39278
13938 1376
32719 39723
39879 30770
11864 24851
44475 10238
40899 11877
44147 31924
15895 45030
12530 10735
41918 32869
9518 43709
15309 2398
34846 14126
46243 35118
41003 17278
5162 45277
31915 39661
14678 44378
20152 43946
44350 29351
7724 5850
10940 5684
42970 38989
44885 42634
7990 30698
29373 26907
20291 35236
40467 44187
37364 2154
39720 34535
31434 4515
33684 44829
1367 27965
27817 39213
23995 4405
38088 1710
38600 16279
31654 39911
13349 31932
5150 31540
22712 1729
37397 16859
12854 42739
39355 15221
1398 43004
22447 6146
36271 39428
5679 37181
43971 8293
36193 40333
18970 27159
31697 19616
16414 14594
3982 43699
22080 10358
6317 6774
6104 36657
38201 13138
19123 19052
28216 28893
27836 41321
7352 23109
32570 37102
44272 14705
42860 43822
13034 26932
8236 14240
35156 9750
38768 13976
36526 25800
14904 3477
21664 28532
33775 14486
20260 36570
19028 23562
4838 2219
3409 28971
10944 15067
13127 17847
22175 27751
24364 11736
8235 45713
22679 4960
18978 39632
3812 11410
38704 14174
21205 17812
19365 276
21897 19740
21366 2805
35820 35700
35494 37735
3414 17544
22423 17476
21226 22357
43548 17180
2667 1501
31664 17199
240 20877
34603 35
27684 6775
20045 24776
33298 33947
21624 45156
36365 7429
38864 32712
22449 1086
20102 44184
33954 24729
35949 38852
14098 16831
20750 5391
17211 18672
28016 20190
18184 24074
18822 33429
12615 2328
46006 1625
2912 22181
1356 41875
40519 30562
9453 23306
37128 15338
18438 7089
1123 31272
4720 7042
34695 3540
7363 8679
45452 34641
24303 41786
136 23551
35269 5425
22404 17337
5539 22404
8124 11866
7977 18378
5929 36216
32269 33910
33880 22275
32131 31033
20668 28372
15779 37785
17553 33279
33929 30045
20318 4580
25958 29449
30934 35425
37754 28112
30997 18235
31505 7300
46268 45259
19509 38637
17850 34141
35905 39434
39596 20491
18686 3056
37043 23487
20530 36217
23455 10850
37247 32850
24231 41327
25341 1794
44289 15147
33595 3229
42839 26120
28474 36280
34366 27504
37714 38988
30091 28550
8488 12334
15567 16034
23971 33357
751 43895
31594 33102
43291 28030
38493 31988
31741 19933
4462 44358
20957 345
32929 13314
40464 744
15545 16699
10158 45024
25383 38034
13077 11978
28514 38970
3590 1519
46253 25906
8480 15225
32938 25452
40740 30782
11734 45426
32628 789
31574 11902
27758 35696
22656 10744
30446 17706
26072 38126
26285 10035
7873 22680
6205 4994
10699 23
30691 33519
9417 21717
5195 22402
18042 435
27554 18604
15166 19595
23364 18577
41495 23971
30283 44279
32226 30360
8 46045
29977 7982
45786 563
12182 45566
7312 23593
3306 36046
38920 2750
23830 28859
28288 19215
860 29025
16194 9079
8107 9043
40750 13203
43453 8952
37667 46304
20148 1206
4419 484
29301 20732
26608 713
21960 35683
21287 4393
10495 11707
23254 12285
24214 4168
46120 36147
20422 10014
14343 43350
28028 940
36118 44098
8027 22850
7141 4588
9898 16969
44579 10423
28056 3264
2791 12054
6407 15017
24598 28243
37134 20042
46292 31480
14897 35334
9609 12933
7021 30592
45070 12409
39451 16994
41949 2381
5524 19733
43589 22030
23391 6269
5863 32125
45549 1151
34920 10143
20714 33033
19445 5790
43251 1250
20823 23552
35013 30557
26485 41319
17393 29736
18859 10890
13117 27052
26121 37343
32708 12254
39120 36082
8973 42386
40578 2031
36464 23748
22854 21908
23573 6682
17723 32181
19004 44677
13312 2276
12779 7115
11773 19396
44175 4022
29826 11196
43116 28897
1502 3499
12188 3599
43247 18135
7202 29651
15331 9867
44397 43618
17959 25005
11823 33610
31206 13721
15632 37041
41857 29405
11676 31148
3145 3437
4358 30620
40396 37318
36247 41683
22456 39009
45525 12944
26756 8208
23856 43193
22990 44327
39717 13565
26904 19017
11199 31641
33242 42454
14245 35564
42873 25364
8883 998
26625 22288
43463 44925
22605 20449
4709 29218
19599 11756
14121 29879
19348 24301
34134 36073
5898 13439
27965 19454
36904 25199
18122 46081
33261 42700
24008 15135
36623 30418
5366 45666
15474 14638
22397 23900
25416 15277
517 1031
12703 27285
36267 34538
16327 34123
4567 14413
26601 41887
27922 38202
5199 12461
24653 36221
16198 12578
4254 29907
39779 24231
25043 2194
2351 39801
10503 26003
8173 33190
9120 34027
45988 31450
30984 11588
13458 42465
9058 43315
15939 28148
5109 44728
9745 34585
13043 42353
36448 24086
39167 26965
5371 33713
42445 4005
26353 36758
16898 34398
12516 13717
36198 8506
24252 16172
8293 39179
14775 9228
10430 2505
20336 2241
41055 34567
35129 38801
989 45156
5265 16450
39816 32720
33404 44862
21887 27687
44562 5000
5086 18202
3112 1414
37812 34034
40654 5732
17717 14926
20275 45310
23430 39328
5257 12064
17743 29327
30891 43141
888 38761
3427 1436
4604 9922
11084 36071
38055 13191
45050 16305
26353 5555
14406 34660
20563 24325
26057 15940
44686 8321
14341 3525
26638 20749
4930 17913
42947 44171
12890 3715
20527 41790
41735 24882
24869 36404
24183 5418
21534 3662
34635 31988
10809 27169
3265 35981
22164 31471
42971 39459
42493 27733
22119 23969
14870 30268
27494 38508
1492 1068
24633 41479
937 20865
40929 44317
42569 43241
45090 45282
21348 19923
19557 33027
34050 34625
26171 16733
21065 35047
40069 3994
23367 15302
36873 15641
32200 44557
9834 36432
9584 35023
30434 43803
22762 30139
19426 7686
11165 32200
7374 40223
4391 28737
4570 25175
14404 45983
29641 14522
36973 41054
28854 11512
25583 34963
1376 18356
39603 1629
28331 17987
36776 27815
11462 37993
9549 45487
37069 10361
31023 28698
5060 9967
417 34982
35928 41832
24802 15882
20784 43767
44558 29627
22137 3505
42385 25668
35649 33851
4198 21854
21740 34677
41744 2736
12140 22983
42463 37893
45488 23008
16794 13557
39672 38596
29524 22005
44971 3359
12078 21012
45735 19992
31729 22592
14656 13139
12299 11901
37530 32787
45565 33473
43387 5194
35681 1726
41897 35462
488 19538
4203 40672
11267 2718
7810 19338
18375 6613
36841 23675
38205 40325
1390 3085
42549 32231
40632 5630
2964 23037
25429 19482
11217 37534
25503 46097
1476 17177
24570 12457
6668 18607
28482 43685
26575 17701
28945 9693
17920 34924
1006 35715
26277 41341
15017 20405
12535 4757
32491 22832
30030 39024
39271 31559
12786 32181
17269 39113
37070 3922
29510 27345
9832 17536
24404 27608
3559 32557
35953 31436
15969 5549
13987 12485
42331 27293
22303 14219
33464 25010
29919 41175
9307 38814
14390 30504
20651 29575
32309 31508
11687 29312
22039 39672
24080 677
18342 39625
7529 1563
20973 22179
37369 3625
36103 16724
3131 5730
15205 27026
39836 15378
41824 8692
25217 38028
19921 42258
2216 37987
17698 7465
25519 40072
34634 27661
45935 7143
15379 15187
9252 30243
12058 24235
42908 3396
34790 30553
3208 29183
25816 15371
22169 1774
8364 40264
28100 25493
39180 40420
40797 20691
7057 43026
30061 3581
1133 23783
12925 38185
33106 15016
8913 43233
37837 24571
37070 2874
5851 40082
40064 41437
33930 35926
37301 22159
13687 36602
5385 4850
12592 42426
43546 14659
33702 17415
20216 41290
20923 18637
42258 11446
44359 2846
4827 3271
40777 41318
39375 32165
1518 15834
29601 46104
46237 27622
27245 22826
946 40710
45029 18445
38936 3929
23150 26768
5432 23037
17296 5111
31276 27407
43625 37806
21192 348
13168 25565
14785 9666
42148 42411
33280 36934
2878 34460
6533 44837
9669 13585
25324 22714
38676 44600
37452 315
38073 34232
34495 7460
30606 23740
34791 1447
19891 31436
8274 14506
29765 33050
3370 7002
3327 43758
27871 28427
41645 31692
2672 44923
21348 20712
13988 8284
9282 6910
27031 21058
6826 8140
10912 16778
9202 33187
26934 27577
19958 17825
42646 45589
33643 29950
25566 27190
6425 40540
14831 31610
38366 18246
17228 34101
25408 39273
36232 10766
46008 9110
19191 215
38089 36571
20235 9234
8575 45509
24535 38845
33436 43780
10215 25134
6796 36702
29232 6043
1402 11573
10414 4097
24530 43745
21240 36480
7153 1034
20316 5706
6283 5406
41559 34415
9261 25956
18562 6077
9208 13469
44636 40061
28687 11501
15931 43065
9574 8331
45526 2996
4628 16689
3318 23142
22238 44538
28729 46082
38343 29048
45367 38106
16093 6845
25386 26006
45484 21045
4438 44393
10319 20967
35991 30182
43901 32199
9480 36765
3554 2702
4676 36195
37320 10103
21383 32589
9929 34550
40166 1256
11006 45154
24363 19865
19151 24363
36726 37346
10763 19685
4106 36193
34965 46216
6532 22385
23023 8654
45145 5638
17329 7839
40227 22800
36493 20978
26704 11618
32354 41476
2310 43309
11661 11711
40968 12157
31619 1068
37995 755
38582 35485
6808 8743
25722 8984
20075 43674
10547 43175
38161 30543
18069 599
14342 35362
18762 36190
7559 16142
21523 45538
32367 9738
40689 17463
31103 17265
11066 28002
21007 23744
32898 16760
37838 901
13176 6917
36797 5104
7750 37434
16209 26283
37958 44387
27439 28574
8128 4700
37779 25674
26040 43590
478 8743
1370 5940
39591 28269
23176 34762
27208 40639
9389 22618
42607 2411
12791 38874
7582 5683
39514 20374
1802 35793
43471 34346
37662 21103
31255 39958
27827 19643
40205 13833
34564 19796
11889 15286
43966 28444
41232 41658
11100 36326
28030 42163
10418 3354
27779 28544
25308 29580
40132 24820
14441 7135
36367 600
24435 2662
20378 39529
13289 12137
512 10512
8139 873
41636 404
38250 26064
1648 39636
35741 24173
25194 29138
15844 40198
2758 44100
20994 7495
14586 24860
246 28782
13360 12632
17225 22777
33955 3255
14608 42667
2897 24832
43166 13439
14125 22856
12914 43549
2012 773
38015 35354
29541 24541
3960 9096
22461 11808
31253 22062
9543 10454
43554 19910
37031 25383
14971 4766
311 9588
3253 14134
6168 45378
515 6053
26658 32346
4796 44723
46172 21663
23305 10645
17892 22026
2918 17967
25613 5658
1359 20100
44702 6962
24036 13360
12484 3057
34869 33379
43173 19260
18383 1222
43488 14490
22529 18893
17096 29873
38575 1747
33788 41266
10658 18736
6619 37119
15518 42415
14095 26324
39119 25733
34590 192
33111 27999
1589 7828
848 10823
15076 18333
9971 39873
45183 44403
35398 14458
38578 21720
17730 6771
5926 11423
22724 43367
37889 16523
27635 18481
13628 45655
9729 45715
13628 19540
27328 10094
39062 10151
34806 18142
43639 34937
22401 35029
39821 38118
34857 13342
32341 40002
12154 32042
264 17176
2284 13551
39962 25404
10742 22399
38532 17815
30956 21486
45802 6162
41783 8236
22722 43978
8288 31092
12288 13427
35025 29902
26878 28815
22173 4486
9220 386
22572 8129
4775 10986
28429 14335
27221 33785
4240 34504
11886 16923
8062 24884
6626 1430
34412 23374
41682 4795
20569 44783
16785 11742
45871 5004
9872 7418
19074 39996
21178 15641
39680 37206
30766 29693
5184 36269
2791 4085
20404 35757
14165 21592
4200 14009
32143 46279
30790 27505
14074 24272
12058 30131
29617 1313
11580 29428
43995 14548
20286 30299
31786 22704
11056 11520
6363 25354
15872 39790
10894 4107
33779 22077
23873 20608
39807 41294
38520 2299
34216 23593
22234 33584
26059 2483
39695 41132
39765 43833
27153 12583
29634 6564
35500 41664
42538 43495
21037 44443
24816 12454
21544 37282
38806 8360
37607 25003
9181 7799
10635 10538
18492 37796
13023 14573
13666 850
7001 45128
25158 329
43062 40644
5957 23189
15647 12419
30059 36890
10598 7025
40868 7442
20600 18841
15785 24464
25063 7378
13124 31924
10017 10116
24267 23158
5609 28116
36763 31018
37654 34899
24764 4782
26043 6032
3802 22451
44623 3732
44996 18602
38828 1125
12909 12715
24822 6797
20686 26721
36389 2500
39503 44587
11063 24298
32245 15370
2677 35931
32690 25834
44899 32093
30461 42133
24213 45897
1495 38981
42059 41668
43365 33235
19585 24138
24988 37769
33514 4232
39645 37759
37899 5383
13543 17354
12716 16125
14090 28542
38368 18631
195 10362
42971 42265
31093 19237
6817 1709
35214 41988
45956 13857
45845 1253
7736 26271
42694 17155
25670 30292
46081 25759
34524 7477
20899 14843
1565 20305
24340 31561
13066 30860
20460 33965
28814 12027
4946 20983
15083 29329
25060 1482
35176 22623
3141 34266
27890 40528
33317 5741
28079 8097
3231 39825
27205 43520
15353 22757
42133 11467
6612 39839
31003 42934
8936 33845
42538 44491
30241 26604
14763 39187
4463 23205
42465 21524
30192 14161
36340 16928
7977 33165
43568 9408
32229 6005
2154 38191
5140 17271
33211 16255
25441 28143
28862 43946
25160 16975
38163 4124
10890 33905
8799 40366
9133 21713
13492 21247
19884 18638
13970 35220
43627 27612
17788 24258
39027 25041
656 43430
25115 32485
22359 40562
36320 499
23060 24055
35346 11277
35065 867
16136 19047
13865 28445
17165 27528
16635 19135
38044 15208
39469 27191
27766 33645
22936 41000
44416 20272
7575 20694
22186 24344
1089 22788
35032 38754
32650 28253
19789 20097
42625 13408
45432 40096
23612 35782
30632 4642
41228 20771
37679 35507
39337 39667
4008 40578
30525 35945
33129 30936
17722 4593
13174 19958
40409 42493
4685 44801
32365 29056
42784 5416
10704 16368
45769 9317
44337 45320
27592 33312
26089 16901
11597 11981
18693 44190
27171 30775
16947 37085
28728 45617
41403 1469
21542 12402
8997 8243
28884 26821
21546 37515
23230 31921
26007 25177
12268 21649
43201 34386
46337 3186
4772 10697
24986 43901
38395 41763
44604 41635
24168 41800
2706 31587
19053 42289
22415 25060
11741 13287
31130 401
21239 33146
23838 36664
15245 33143
40009 9017
33750 44213
1010 42484
8428 366
32964 24539
14918 38665
9958 11917
1768 27170
18630 23304
17984 39987
9395 23408
35538 40675
114 11977
1812 20956
4680 522
41 23786
14257 20329
13745 31891
14109 17249
15890 12096
46130 12785
21884 34663
12 31011
21171 4284
6590 31449
27727 388
37214 38047
14243 11810
17348 27388
26078 4714
25828 150
25466 32921
2637 8032
40289 12193
40114 7620
27447 28108
2318 44710
34371 2774
3230 29613
11717 40031
32224 15762
37484 32938
29369 19319
23073 57
15304 44704
30962 31699
20935 3680
23977 3313
7674 13303
4345 18895
43069 34921
5120 2112
32693 17632
45122 34338
17219 7747
31123 21664
29202 12050
36565 38454
20367 14387
39475 13883
28398 21196
19319 28585
5985 19579
20285 32030
45911 10708
38395 13051
12125 42848
1506 15477
40131 19713
8151 44688
31077 776
25334 42265
40185 12528
28160 3004
37833 15667
18820 9927
44710 43112
24692 14637
35089 44892
35324 39619
18361 17108
30321 23193
35176 33112
11453 24974
19515 46217
10598 28756
20080 3486
30087 23851
9307 14229
35604 1239
34596 39032
13863 45608
26172 26912
32062 41181
7556 42231
25254 35883
224 17599
29950 10058
11196 5685
3052 38515
10073 36197
40275 44095
15237 44606
10163 44816
22882 24644
33933 27345
35262 21663
6612 17513
16067 34042
23743 12528
19067 17375
38602 25295
6823 16674
12051 37384
46268 44225
42182 26146
6458 195
18536 20924
4462 15489
5957 20851
46017 36174
17577 8106
40824 28449
15659 12003
16460 1320
4440 11703
45115 32935
654 17783
35143 22268
36143 14290
20272 25379
35638 31964
30155 14245
45170 31781
29106 10695
10414 6780
24049 8770
39707 32859
36546 9264
31772 37701
27104 43137
40223 39590
43416 2876
26444 3552
7920 20635
26917 3260
8735 1552
26605 35172
20616 22221
23506 8196
14780 10310
9631 18725
35965 2131
40146 42646
8101 17706
6509 31910
16445 16363
40330 41066
14200 25535
4175 42542
30413 9241
25599 30189
23613 45355
2111 39891
11845 37386
44367 384
24620 32432
45774 46197
6327 24139
15657 5022
37838 45597
7390 27433
35582 27785
20934 30410
25327 29454
13096 7430
26084 6569
24857 38321
39261 26069
30398 39204
22115 41079
20479 13724
38294 12053
17323 10854
20638 42748
25156 20758
1499 3833
46097 9435
184 18881
32958 44919
19182 8688
30345 11271
41760 31908
10512 34741
9264 38754
7598 17972
29872 21099
38022 8247
537 6437
25283 35680
23100 15331
22902 44970
3090 23367
36146 11492
27782 5836
6490 3169
43182 29694
41263 16007
15135 6430
3850 23935
10898 28542
30894 24514
10338 13069
37414 3210
7133 34216
25752 12055
15876 7330
13194 26730
25586 22063
2855 8248
39875 8567
28510 21719
25713 12096
31862 19022
40298 18165
37342 41212
28283 39777
38067 16914
44392 3450
44414 1750
9684 4634
33095 33336
2210 8622
5240 43107
18572 41203
38168 24102
44508 37205
45998 15496
22021 41034
115 32269
7527 7770
38269 38076
6781 40343
8655 42336
20098 30175
31675 25256
23930 26609
18730 29003
37137 1371
43933 40712
31223 42486
44343 19971
21961 36367
34796 34657
28713 31682
16232 27745
14554 12826
16486 25027
18804 41793
10755 10227
41395 33709
20124 14168
37597 1612
12967 5826
3520 36089
36162 25817
8318 11270
14937 33139
41415 35162
24830 996
27226 22646
547 32365
8417 36845
39611 29223
1097 40307
30918 25620
44806 12317
42501 9948
27877 36588
9051 31781
5443 30883
5211 28815
34763 39332
39783 30313
45586 4765
21073 41805
8352 11557
32333 31618
45857 31918
7232 17634
29772 30991
15766 15090
35245 11162
36242 4221
21366 38762
5364 43808
32761 23799
10951 35292
2181 32657
40919 36950
10008 42192
31127 14734
26456 34906
37942 22625
2119 29723
14238 24329
13902 42267
25731 5491
39605 17094
20225 36642
13402 23895
12035 14670
15955 27863
16172 6565
29856 42875
1783 12209
1984 11414
25611 37920
26217 44936
596 33539
240 33998
40487 43966
24153 44367
35164 24385
2865 44088
1591 38713
36437 42022
33525 22432
32622 37986
7233 19774
15790 15207
6127 14073
16386 43599
37605 25739
41992 35422
17558 28204
24589 28923
25698 41385
35384 12273
34548 22997
4412 8509
36670 5109
13664 5683
6324 11724
23787 39123
14516 6197
20906 11760
24115 8172
16971 12722
23444 44469
21407 29388
3103 18133
13939 22380
2879 5450
40108 15702
33966 14033
22980 45285
40525 36079
16554 2216
4599 41530
136 4087
39634 26199
24335 22790
13251 8464
27970 23254
43294 11874
30838 33023
45207 13393
42430 29033
42339 3128
20804 37213
21114 28128
31068 30001
5471 16863
29602 17319
11681 2312
40754 45545
21477 40469
29887 30887
44542 5269
4843 40040
22354 35945
10970 13731
41936 18621
39334 4860
22527 4419
10420 16592
24473 44172
27256 33120
19197 39396
44837 17554
15103 18933
17164 10848
28755 27874
2402 15303
6670 39817
37986 1955
26452 14173
39385 15847
10092 34779
46237 27377
3900 41175
30245 3388
33701 39496
8714 44994
15269 43981
11104 9489
1140 17066
8873 32739
23336 35208
6990 19224
16609 33691
15865 4587
2447 20258
13445 27064
16482 45794
36177 14850
26441 2372
37210 35227
34458 41735
11377 35217
32261 22488
29690 31431
8757 12477
3994 40949
7648 22113
39109 45957
9713 19665
42794 21335
42271 34765
34855 5705
39992 38741
19970 6342
37538 8889
21960 36229
16305 41033
2268 5671
24548 25438
6185 15226
18188 36464
45759 21146
44081 3976
25120 22690
45526 34771
38096 22546
9822 27610
5991 34072
3107 27443
20330 17808
17390 3037
19041 39013
34791 42967
38740 39639
24145 35492
30645 30152
10120 1007
30199 13282
9694 40977
18782 972
29401 39368
38932 22351
15911 10102
29841 30193
16905 30842
36607 23428
26253 19534
40789 18987
19542 9600
15731 29488
16416 1654
37887 40050
44893 29589
700 18532
1434 1462
16768 12336
24717 31388
36708 36939
15053 7841
26355 44432
26251 31611
44143 4197
36784 23436
6740 24443
44335 33938
32137 2842
27812 4020
19993 33292
34985 41874
5670 25640
17892 19507
16460 21615
36512 10481
16672 26149
23265 7795
31921 3277
6747 42464
2773 42969
17229 35605
9190 6965
28068 36436
2259 30027
15513 41682
19426 22790
10189 12585
12849 19972
13535 3887
31062 21980
38162 40011
40818 43088
23066 11618
35005 33355
25298 18324
6539 27996
36058 24397
22811 7893
27453 739
6854 25608
33976 43870
20948 6432
43644 3272
35495 42489
17248 35860
4064 33041
25569 19944
28888 42665
30693 16790
36130 24100
22917 1297
16214 14607
38181 1492
10652 3401
39397 37336
9770 25586
31937 9350
4148 38520
26406 6323
27910 46063
25576 31540
33206 18226
17801 44152
18283 27923
31264 2050
42571 44040
7983 14197
6437 14659
31875 32216
25671 31471
10477 36453
36121 11126
466 16892
43061 2121
29704 39184
39171 958
29783 19666
44309 1822
43553 5209
20104 8198
15911 39930
23227 23557
27346 43221
6157 40969
7534 42203
32064 14561
37301 29340
7980 4049
29501 11778
28845 25356
24517 46195
24994 15478
30764 12970
29457 21869
27703 38479
1926 3137
25873 1126
11381 45660
24218 42579
2223 29011
40062 11246
14070 21735
23251 4409
9210 33240
15706 42652
23433 28590
3472 32082
33650 10665
20961 45451
3834 26
6615 19055
18160 16092
6626 6950
19359 32978
34662 28284
425 32133
35035 9813
31650 41108
35866 28592
8520 15993
24893 33449
27733 22157
20788 44784
3666 35744
14379 34947
12534 45111
39645 18486
22266 25585
16520 952
22284 19596
39132 36326
28469 34546
43140 15686
12178 34203
9378 41365
44095 29289
9185 24179
33221 40104
22843 19207
5107 7890
25058 34047
22839 20191
36952 13620
39727 20279
23012 26902
36411 23013
46051 30994
27618 23910
586 8882
12672 38183
13505 14227
33303 168
7277 20954
25648 32025
9218 35676
27749 32490
42670 5080
42578 16026
43502 22301
22878 33488
30258 19835
39486 23638
20429 29772
15287 6089
37787 13508
23391 44872
24956 28449
39318 17741
42368 13647
40438 7261
12171 3692
41383 27234
39999 20529
3457 13914
3781 5586
6246 35838
25980 16157
8863 26344
35249 6909
43626 15355
5473 33281
5634 29592
24216 27812
33073 27210
11973 38397
12634 2805
31234 1378
24697 850
37776 10682
18775 33199
1231 34615
45694 3544
27991 39004
24078 25661
13019 4312
35165 38964
32498 22026
45544 39490
35290 45686
42622 29690
12223 46294
2930 16248
41089 35597
29972 6395
43836 1592
12202 5727
1566 1551
3947 11687
19528 36562
28399 25228
573 16468
26125 34492
18391 7342
42355 14596
22678 28336
6368 30125
33095 20801
28237 31203
28746 36037
35613 3113
17214 2228
36052 37640
29100 7633
9652 25782
44463 37836
7034 25756
29421 40984
22680 14464
32482 31456
27035 29832
4721 39882
36854 22963
32492 31113
18117 17060
29841 20711
24487 9166
35553 11181
2358 45949
46232 7967
12108 33461
38405 32346
408 44086
22742 32916
42426 1313
41669 22797
1462 42693
24178 7868
13074 22512
11510 5975
24506 11940
18118 36642
35471 14642
42593 1622
6091 229
20328 31478
18795 4214
410 2415
5804 17337
29398 10805
14400 17191
44274 40854
9475 29426
15420 40498
42125 33730
32949 8786
42927 3867
16511 17083
33008 92
30686 39692
10217 21042
45953 5171
17103 13148
34972 40834
24566 34731
4105 43339
31168 4355
42302 16151
43563 2252
24708 24957
40830 2829
23201 15360
8212 29553
38208 2456
4733 16534
35079 33582
2429 8377
19628 42328
45933 30595
34874 27944
30103 42083
44382 35525
656 30642
7342 44235
11980 16545
35138 10582
5980 14152
3967 16884
4147 38954
40781 22955
25408 32716
16407 33136
14170 25834
4806 43061
16386 876
8207 33618
16576 31518
2192 7192
16151 17723
13902 21848
41978 17361
24177 7492
20889 17368
37835 24068
17391 37675
34707 1943
43824 1401
18368 11832
18189 43358
14995 4409
6712 13244
9185 19140
33265 18974
38936 22716
14835 37119
41988 31755
13950 14200
15143 23253
5201 14107
33700 21109
44330 13694
1031 30017
43778 8017
18969 9300
40575 23274
28313 41338
42179 6624
41178 18380
7663 34252
22234 24530
20094 27059
44443 37316
34139 44143
13709 34024
44414 15870
39937 6235
24899 16805
14409 20380
6832 22013
10618 15724
16918 9037
22618 9715
20219 39213
3787 17397
40840 19347
32869 36163
19917 16844
26450 15222
3867 23003
17127 45439
45602 35065
45216 33039
36658 13113
22363 26821
45228 36424
10124 8245
2001 28976
5752 3357
28745 22365
15291 26027
326 3463
5475 9540
25906 17661
19062 32847
20735 33590
15072 27729
14552 228
12209 41778
5328 12741
24544 40317
30737 9400
14864 35097
44817 16648
10738 12808
35868 28601
5258 820
34749 33376
29883 37177
13979 45553
4665 3787
24637 1535
12229 10092
29818 5593
12091 29789
9265 42095
33340 45078
23906 8584
9338 39319
27852 4987
21197 36491
33025 12932
30075 29473
1376 19039
8637 23279
3986 37896
28408 4328
11617 30667
782 26138
22604 7533
17315 16492
16966 9345
40581 21258
23134 23075
10584 22139
38288 8027
28580 16271
22173 10992
39369 19066
23954 29640
30793 39487
16371 8618
43756 3969
11538 795
38069 28579
18184 22175
12976 4572
14613 12266
11203 12477
41482 10666
38857 1542
22239 37393
5695 12204
30084 42427
8533 2603
9768 32221
46260 37574
24101 36695
18164 8594
21900 28985
728 16447
20959 24767
21324 4543
20793 1735
45201 19519
31586 39012
25209 9298
35802 38076
25953 16356
40825 46228
8712 37409
28246 11238
43269 10442
36511 25336
13861 6935
20600 7852
37167 29613
27387 39726
4636 9149
27839 40519
1173 9823
13189 41099
15072 36102
43268 5322
16235 5796
15585 40332
26564 17460
33403 26544
17605 33739
44027 3449
14340 42394
41408 44423
38493 12924
25484 11232
10248 7963
20367 10392
24997 31193
30243 2930
12153 5897
34110 25437
30836 759
2171 7318
13431 32185
26119 17429
27867 28215
25303 26356
31829 27907
17908 8467
44088 43469
24883 26676
45661 2811
17718 7236
39593 10323
138 15764
44194 36611
16157 1845
29276 5144
16711 41450
8671 36757
23681 22392
14723 23663
33015 34883
43883 1279
14547 46254
17857 5761
8576 19458
10438 3153
40694 8371
19332 7744
27376 5205
40493 7143
40225 23364
26899 26342
24298 41078
10447 31805
33547 29132
39831 32390
40885 31986
39481 30886
40779 13799
21552 37864
12540 14626
34754 8370
18782 28596
27253 37093
11576 10694
14715 36371
12883 9930
13483 5203
25497 9946
31902 27282
5835 17823
6071 16460
17625 13850
24012 5754
6708 5282
46074 45433
34358 6786
40608 44168
15561 44316
35937 7145
16503 30627
45560 4279
17996 42238
8292 10686
33264 42880
25282 29164
17106 5336
33791 11303
21635 28521
22541 2820
31090 28025
17449 42302
4846 874
1628 23695
33146 40285
7046 34513
44644 28618
1992 26792
37134 1273
22168 34176
39878 44536
33142 28130
1898 23240
26408 23337
8237 21463
32698 33463
38163 26554
7567 45568
28925 32738
32600 38126
37493 5162
9399 21787
25991 33683
39479 544
39733 26157
44846 20665
4014 17652
17503 29594
39947 41145
31057 42248
42280 17168
22188 28925
8044 12481
35714 23336
22177 37470
28346 13194
30795 26512
30345 18787
4800 30812
39114 27216
37490 45539
31995 18638
31766 19471
13418 30103
38231 27709
20289 8019
10133 36728
24214 6688
44247 19815
10003 31827
33715 31206
17432 40798
6438 42675
34208 25348
40068 19641
40166 9743
8020 39241
19422 24614
17067 11090
2186 30469
5771 26513
10041 31631
5808 40970
18013 16985
10393 36336
38100 11237
43525 15559
28152 34839
43730 41638
19893 39659
39850 30333
23320 30782
32990 8342
23839 39086
18236 37658
20927 41607
1301 17405
34272 9792
12576 17347
46326 15381
31331 24541
43732 16589
42947 37948
34472 43611
16426 37260
42869 39358
46110 29483
29306 18908
41369 36000
24456 44187
42973 14198
33519 25140
24925 15146
38795 7731
17747 4354
29938 39138
16651 6707
35162 10005
25245 30172
21315 20794
34177 38350
41678 27441
13179 38148
22110 44126
31305 1100
46249 7385
36543 36888
42527 25987
32155 36935
44203 45273
39270 4828
23044 8444
30050 44896
8468 4555
9062 11430
18592 12042
29737 45356
4203 20197
22838 28661
18068 35528
3706 40685
8938 1535
1328 3399
32006 12656
30939 15301
5562 6838
15511 40659
31299 21413
10120 16281
16208 10508
41475 60
4326 17973
18849 2823
3314 44359
30087 33571
15149 3121
31504 34981
29834 17316
13724 36736
30801 34624
9145 6200
43149 6689
10006 3709
15828 546
17245 43428
42353 31937
20780 39476
17504 17863
6374 20433
6936 43826
45535 935
2757 20096
36008 8028
10448 21772
38747 23496
29901 41091
9907 36624
13135 39302
10617 9609
43806 22955
12636 15507
10164 4760
17883 20893
38064 12693
4368 21540
34800 31950
1397 37819
45135 260
4790 405
33789 19712
31250 15886
11029 2917
32779 11097
10023 43284
1974 937
13295 25224
33718 5425
8773 26087
9628 18766
20998 24977
39327 3196
43254 32905
40223 43348
42119 23695
23232 267
40796 18314
15574 16922
23896 34220
31788 8385
28315 5787
30827 43262
25140 43738
31427 37412
41009 29176
13413 1321
3454 15996
30414 15623
40940 32285
644 12622
17633 31250
10798 23050
39419 45552
20848 31593
45687 15461
35877 16128
32278 40214
11773 18869
107 1105
15800 18330
40902 9198
41539 2821
4487 14704
32210 2459
2022 4092
11688 31409
20670 7010
12408 13139
28421 44014
36420 10967
18967 13252
37228 37163
23712 31748
31020 31892
17210 41960
25664 25038
24131 18983
2712 9214
11704 25000
883 13856
5642 30367
24625 5613
25715 11550
32359 19337
8976 13181
17571 15911
14727 11659
20497 27653
40502 16165
29050 21116
22409 34866
40538 32566
3032 1953
2531 46018
20076 1017
40749 34739
24648 19907
36303 26875
11008 12679
29444 43999
2927 22475
41128 37405
45578 32415
10191 30820
28047 43063
4494 37861
12893 40652
13197 44671
29928 15976
21154 25904
23258 13223
35214 37628
5423 15472
9991 9544
36264 35023
10700 8412
42977 13972
20126 41128
13351 11515
45774 40523
2946 17007
13985 32735
18063 16371
20568 17413
364 44185
13100 30242
29263 581
26887 2815
37220 21286
28962 19385
16285 5144
3690 35979
25904 13448
41056 39350
11215 41545
35893 4846
1501 884
30535 29439
9289 45449
11615 41447
20288 29886
19103 44489
842 14743
37703 14817
29445 34405
13178 17312
31569 17436
20818 3602
28913 10620
37728 11731
37299 32099
36190 32196
33166 33777
10326 43768
9518 11999
25759 2202
37280 17434
32807 25593
19485 31765
35752 20318
20629 41266
20910 2912
42881 40697
22668 45750
44130 34517
32108 6364
11848 9348
7692 5230
22715 44945
21937 23576
11174 14483
36085 27096
26459 7477
41691 11757
40480 24152
184 33135
37050 9549
11511 36415
13058 36207
26308 11600
23320 32461
8353 20202
35383 23697
26602 8993
21501 14508
32510 11251
19779 15010
36016 39875
5803 1562
22112 17408
33772 17492
12325 19196
8435 25957
26299 2394
39838 40132
8707 46332
8060 36859
20162 22664
5052 20012
34898 4685
27435 3175
11238 30564
26328 37985
14922 41767
12970 2082
25152 21500
17107 13522
18533 15369
44255 12238
2047 7278
38629 36463
6091 23543
41832 19738
19374 18130
28061 34212
33075 34975
9178 25502
28084 43118
40522 12185
33531 245
13498 20859
40497 9787
16198 36806
27067 11739
16388 4205
2587 13480
1645 35253
3794 18397
33199 35101
1303 24543
45014 14159
12963 17839
25638 33175
11771 23043
6417 32451
35351 38240
30011 38438
15998 40940
9858 15408
23033 30641
44571 46054
41325 752
43337 15549
31304 11892
40400 21223
5694 44568
23265 13242
36091 11735
44552 19863
22024 45709
38430 42349
45216 45634
3521 9083
2811 19060
10684 44681
30031 34025
24069 45261
15995 17569
7311 45797
38528 38076
43609 1983
12730 3823
27479 31432
19704 4407
4683 13658
4996 8094
39283 33777
20423 22156
19422 15754
34533 36856
38037 44816
33539 13676
28320 21297
12875 9001
36603 37249
42150 39676
32051 13008
498 15320
7537 29763
34416 15453
35864 24263
44400 25839
18302 10454
14843 41822
1418 7374
43853 31341
36566 42484
18557 25626
4049 27607
317 44370
1075 45571
25390 41559
32900 23699
36534 27097
10481 95
17563 37673
23636 21418
26313 12463
41896 37398
23436 35867
11109 15102
46120 42613
39219 26958
35810 8873
3077 31814
12215 43370
3996 38620
24435 9442
37982 10394
2539 32388
35641 32194
35265 32650
17601 16374
22133 4765
36345 40370
14617 17456
1633 34307
17526 40030
39469 31807
2232 20977
30966 25268
40552 40964
23800 22430
42440 26435
2006 34689
39018 29074
7958 28293
15806 29254
12152 17033
15683 36491
10570 11062
32288 41475
19389 912
44809 13194
38505 45930
35101 35536
33838 16671
33251 38804
4801 41160
11160 38968
7374 4848
6765 41192
29375 45222
36347 7614
19476 2732
28731 12090
43162 45677
8409 45366
12739 17344
25931 14947
42616 25059
29257 3601
7147 23353
13542 38619
23800 30142
29652 13240
9326 40171
20445 10226
11579 33766
25348 43557
20040 41472
3074 13847
31353 24604
15968 41385
33189 913
17646 42841
8461 29175
32118 28424
34085 11497
26578 28190
11256 15568
43571 22525
34946 27237
31479 26482
36333 15596
9067 29993
6087 42148
30075 11314
1310 5992
42486 36980
11122 40561
13527 11653
2695 24782
10058 11736
33516 33272
22212 38090
7141 442
33211 45222
41306 20077
1067 45618
13743 32789
42533 34121
32372 6065
44815 36551
36709 42593
4650 10004
7396 18485
39895 37035
31415 21644
37225 38947
44599 7089
14533 39806
3795 7182
17517 41349
32839 45394
44706 42594
44939 6637
31189 18424
35521 33935
29886 39711
45723 17393
15686 29122
2440 32814
15849 22427
28359 4120
5479 4160
7777 33024
19993 30453
26878 19650
6115 36344
27829 24151
8316 2936
31728 31723
10911 26007
31359 25819
8191 43612
22128 19349
13367 39782
31461 24922
5327 15872
41224 25509
34817 11202
26849 36262
17423 19121
39665 3055
26813 6002
20004 34304
21470 17793
13816 32450
8209 7774
20604 3145
40262 24985
24330 42775
39297 31725
5434 13150
20131 46191
15986 18209
1742 42269
16178 15225
11031 28369
25186 4018
26991 28243
34854 8686
4907 40199
21788 12413
43679 44455
45484 40240
33766 25203
9022 22938
17847 29619
12589 3849
24966 29327
34240 17129
23006 22572
28265 30137
36507 34407
12211 18008
3372 18184
23477 28911
43940 32445
27424 9138
35402 34350
1042 44046
39466 24770
26885 1656
10285 15721
9107 40795
21721 39126
239 6233
6317 19197
12784 17763
33762 24373
10289 6473
42764 45189
4087 17355
17365 1728
12202 2156
12408 26178
5166 23843
30350 19462
18048 35919
990 32487
18116 6053
20673 36618
31190 6877
12759 34261
10386 32418
38150 15483
27655 28893
7282 10774
41054 6623
36641 28368
8003 8402
33469 17645
27470 19139
28196 22438
29847 23346
24461 27217
37641 4107
12131 14708
28483 30250
33739 34219
5029 35116
34413 24446
16745 28668
38822 15070
26719 24900
1567 15492
1151 33613
22044 33017
7374 30999
5251 13131
43589 21407
19060 15671
21258 1577
28905 36955
3142 21359
383 36897
25717 16296
36437 31172
13771 11988
8279 42448
28303 2682
7930 29071
3276 21075
43385 4705
32746 42507
45298 15995
19734 6144
26172 1614
35744 8493
23865 15188
31724 788
36965 45395
22620 14250
15083 13256
39095 38092
11069 39100
25160 46132
19933 25775
31844 40991
15852 26530
16043 14864
11060 925
1587 18093
14153 34611
14111 38823
32944 34627
11806 12627
15323 11924
11125 40798
37937 39618
34102 18610
25210 37358
25752 41324
23875 18249
21191 27676
21929 35650
33438 23594
31719 6198
43489 25741
10617 37652
19300 14747
32748 773
16455 29203
2091 42401
41261 23135
6887 17856
40807 41951
31816 4641
10569 9746
7333 3579
41735 40079
2497 19085
45604 41365
42623 13602
35361 37160
7816 27897
1311 6282
9465 33051
3417 41980
11550 740
27248 32939
33958 5867
42614 6284
16415 21823
18452 17127
11803 23322
37273 23770
32258 5727
40507 13845
33902 18257
28294 21864
37317 19212
23274 20750
28233 4145
21325 44378
2517 30500
4848 35788
21082 19625
6089 23181
34165 24048
12504 36460
6199 37701
23377 8215
43301 8324
21268 45573
38 8190
16258 2060
31690 25865
22676 44191
17958 34613
2338 15407
1092 12794
44943 25167
3229 20602
28767 32527
2965 14610
37688 31658
28442 37951
12404 4785
9319 5825
31401 40114
23715 4222
1076 28267
8410 35340
36880 45050
6097 3438
23994 22276
31835 15704
20291 33595
5987 38832
6758 2738
42407 3478
37553 41740
4266 14532
42788 6389
4323 23992
34386 1666
14286 4961
4705 41646
12964 31326
14794 21269
8643 9232
13843 13351
7981 32163
6293 41777
45501 35404
1554 28089
35507 15709
18228 36160
14819 19847
46154 2967
12981 29290
20621 13393
6850 29196
12601 23876
4188 36803
27943 32834
36433 32723
20600 3484
41774 28128
6660 5839
32142 39612
15405 33546
37497 628
29117 6985
28339 21934
17992 24458
27886 23009
5782 43076
27913 12407
12686 33730
3910 8040
25979 8937
16158 17000
25397 23842
41904 39192
11884 37461
6542 2347
7138 2327
27875 28678
45993 17594
25001 38038
26145 364
28206 8903
1687 32566
11892 23117
16369 16814
35906 40631
10141 31822
8421 38766
27615 23872
41547 39953
31353 20898
10564 2949
16284 14858
27581 22938
18341 1639
12167 45256
45546 45321
27461 3497
45384 13799
11760 46051
31511 7124
18680 18645
43102 1337
25395 2971
9087 15070
22036 10111
31955 3844
40401 19370
3989 22661
22830 763
46173 471
34295 41296
15405 19074
7327 12593
38565 45217
15671 24892
8184 9083
31446 29958
9446 17142
6487 7730
19973 65
31533 42087
40332 6662
42417 23977
38590 36075
17737 21552
2808 44257
31536 30609
19216 31475
41026 4113
2023 7930
11374 32565
37581 44335
33459 2266
42038 7243
685 28704
17882 36920
21778 24410
35747 16929
5017 18047
35762 28367
27990 9759
28582 8136
17375 3078
6008 22638
6191 18591
1411 37864
8799 6008
37138 18023
30684 26490
31726 23202
15684 359
117 33142
7626 1500
43686 4770
42276 39707
42605 12704
17941 2317
44179 29621
16904 14169
42223 37848
29484 39668
33907 39144
41663 25535
22475 76
24844 16720
11450 41177
4189 18390
395 27093
18815 35070
24710 44735
3615 3969
34602 25517
24375 25706
23686 11305
46113 30567
2881 17882
34124 43944
12506 9547
6750 5769
32367 29407
34444 39014
26870 40387
26755 30740
35765 13752
36248 42166
38183 8953
15954 2801
10897 32484
29030 35971
24077 27726
41796 20939
29704 29209
33066 37899
30990 17185
1240 5305
42735 36520
14017 4545
10176 9099
18866 15879
15317 21540
7786 1420
25157 38773
9715 34133
28785 14309
17827 25935
42974 35332
13205 16079
39277 18868
16294 769
12858 6831
20394 17461
15617 21223
35354 13056
34806 38040
21879 43566
34691 2270
6147 15445
32953 13059
42923 882
26780 2933
34443 19264
12831 37115
9939 34181
30599 41661
18418 41548
7031 45269
4997 18287
29837 10465
33296 18970
3345 35495
8936 11913
39216 4603
2891 13882
12569 35941
30852 10136
3949 5594
17431 9308
3394 46181
5722 7931
3396 12025
35259 26349
43623 34833
9155 5426
27643 39573
40583 13408
40724 11762
35712 45463
2604 7695
16215 40162
39241 18536
14267 29445
11007 4430
16310 44288
4496 35946
34028 16976
13151 2368
18780 8425
10863 23525
4188 6922
27659 38720
5799 33980
33292 8465
18579 32005
11830 29090
37032 44514
13149 34518
41742 23982
1825 1497
19741 16277
42233 41469
3250 12455
31526 10472
26862 17319
37463 34297
29960 15978
9429 30133
35499 37086
12192 31875
18326 42852
24153 13296
36911 15077
38157 33802
43746 6914
24983 37384
42194 36792
608 1786
32497 36901
22284 46288
20456 29713
20280 22869
42538 20814
14031 21972
38700 38214
11650 29609
7643 12327
26182 36293
23081 18455
7274 42765
15930 14560
44035 14263
17321 38851
22169 40714
17426 42796
21867 12190
28741 8420
4970 31283
35149 2161
18222 46132
41165 31348
6934 5733
14415 18044
18007 12699
8457 22248
32992 629
27346 27181
14408 2283
809 7349
7031 43773
31821 35031
23032 23103
8006 2590
17817 34408
17661 44391
15402 22482
22531 28073
40877 17046
40710 42834
33271 33983
10210 20940
24094 45289
37382 32363
38509 16755
3826 15165
6023 16498
33356 15927
34623 14965
36096 14848
46143 9964
33013 29663
46191 35783
1533 33352
8367 15816
759 13070
21390 42494
18957 13279
37823 36802
19586 20142
45296 37704
20110 30275
4168 26191
20474 17807
37064 1623
24488 36212
7451 7347
13642 34239
28029 17352
5529 43690
18665 52
13902 27662
25224 11433
10403 37400
10232 40052
14687 23398
29984 5325
35836 24454
14377 7514
7823 12294
30582 27842
2269 42599
24735 4391
8507 34384
25606 15505
14713 42199
40331 38012
30667 24678
35527 35265
34183 20371
11656 40439
8553 39006
8229 20733
10688 24432
11008 27347
31121 32262
16230 1483
28966 43243
9278 45588
18421 27137
19099 14393
22329 20700
12757 7086
31623 37163
15723 36321
6866 5229
24016 7054
40572 12808
39228 8237
8544 24415
39228 28880
30818 17598
9379 23514
7322 44359
22303 10693
2691 35297
43718 21870
32498 3352
37375 8620
13508 16341
2009 39885
8505 25618
25446 27643
7209 1922
9621 41683
44475 40314
25222 7162
43229 21911
4574 17913
23954 4494
13644 16976
45530 22152
30970 30139
30394 27801
34504 42982
15203 21585
26211 23766
28461 33525
13814 26442
38915 39399
42438 39637
7230 16073
17091 39220
15583 45725
9902 44774
29224 10944
28762 20900
35756 14820
2694 36895
5891 12015
26692 3721
505 28735
25924 25879
29421 2912
17828 26457
11475 9405
36575 8779
16309 24636
29273 18119
39773 45267
28107 29155
26455 40085
19858 2459
2085 21471
45588 13402
19061 42048
31370 34900
3174 7869
3749 44092
16773 12292
19218 31705
10720 35714
25960 26878
1847 15160
30335 20102
24653 35772
37705 1661
35965 8276
41924 20881
45132 4243
26813 34994
13288 44996
19251 16555
26825 27234
6977 8732
46179 35162
20062 18298
38248 4874
30716 27880
15680 21688
11608 9572
32645 22834
41328 37464
26258 4458
11177 9600
35270 12134
12264 34144
36344 45081
42791 38922
7837 42719
45889 6133
41885 33768
30470 45954
7840 19764
42150 26321
6177 15392
46266 14964
45622 19003
30657 44373
4671 30179
33798 31118
19367 8121
32036 3264
32967 22743
36485 182
15054 23982
45669 37290
16624 20230
20667 14955
7021 24884
18776 37280
4522 23648
39975 31735
42905 13548
41748 27864
38083 23262
37540 39427
36562 13815
6353 37879
40784 37080
382 7574
35178 11717
38159 4380
4941 41014
15876 16207
5902 5223
34692 37120
24982 13150
32728 2335
32202 18194
20377 42976
2131 33039
1453 42079
21953 17870
5763 21
45769 39371
17654 36442
32039 15744
39660 6270
32031 45338
44386 39426
39722 24166
17279 27564
15180 16700
39312 14505
3385 1157
28005 6829
43647 2638
30668 10793
22964 44342
4479 41501
23251 10176
15861 8012
8625 24950
20282 18513
32327 38392
1345 1023
37908 5469
40442 1540
44009 14772
726 43650
6679 8366
44595 32146
39404 4071
9785 20245
12416 40431
42136 5949
36987 5319
6407 24111
41764 24885
8855 39877
7498 16544
37680 1323
38807 16961
17156 17004
29784 5129
43486 34014
14661 6153
5477 426
27595 6223
23515 10276
32814 44662
36261 42926
4768 11075
35270 24298
4455 20637
39146 3352
4454 29790
25977 2462
41669 38789
35605 19591
7267 17217
15753 33681
10619 45520
18950 26850
34168 35387
22268 21888
30015 35405
26308 22019
36481 14080
41917 21629
2307 7102
9200 19309
12998 3030
38058 9041
45024 10969
20495 32761
46143 18038
45002 42785
9014 18126
11599 21181
37741 17002
4760 38124
18117 36686
3553 19974
26246 24106
22650 1812
29575 41859
30755 35580
21777 22874
38556 40180
18899 28147
19402 8734
13251 36207
15664 8218
24267 2622
17763 1368
1312 28475
1642 29956
3241 24812
14983 15639
44108 38146
207 25632
42735 29100
10575 42853
7787 35717
15544 43594
40257 21235
46016 42267
19677 19919
35896 36664
13342 45140
3303 8279
868 24673
33975 5597
39260 45940
1330 46226
18863 3711
24372 31841
46074 41768
36978 2842
19297 2071
45452 41324
28624 17237
24758 8892
35019 42867
42121 26580
7625 20399
41572 17763
8326 2291
30288 37732
42425 27900
20328 20890
44346 10742
1996 42583
6292 34996
26081 25199
44027 22902
39687 32121
38833 6420
29116 20146
24316 12364
31225 14356
5441 34496
42213 9926
44802 12256
38210 34685
11362 2204
213 268
27822 42500
21467 22942
15468 32879
29579 3033
31003 32463
23331 23526
14931 40137
5023 20562
44594 35894
42242 8927
39969 37
22171 3325
29915 27127
28616 8518
24484 20310
45269 40654
26723 1407
19990 22540
9607 21669
38588 6942
22045 9968
26035 15249
22430 24028
24287 39474
34556 21094
38124 35451
7775 40274
22209 10014
24584 17973
26783 12900
26436 39852
2842 40710
15542 39965
28727 8333
22886 33619
31959 26439
5958 45076
23039 24185
20500 24559
36971 20189
36575 22212
9692 14992
20315 42396
14170 38924
26208 34536
44580 45022
36126 33392
45809 28678
35202 35895
20271 21159
34535 43826
39657 11089
16755 18
35219 42196
29079 6797
14797 16641
616 5363
39912 24733
38746 2768
33027 20108
9050 36115
10664 43595
14002 39347
34573 44315
18213 11866
316 32752
17778 6765
19652 37590
42618 40413
33650 35536
16671 34543
10576 36944
6558 45133
1812 32738
45602 35703
3078 36814
31385 36203
11449 13084
7265 22996
19626 30357
42629 33098
12150 43096
40177 11665
18651 30477
39878 12001
7831 11421
44039 3659
38653 41252
35992 32668
4536 36409
18795 6384
43810 1121
27121 7111
15697 7708
5316 41118
19490 13829
6922 43952
37775 17278
28471 40017
44390 44355
12602 28988
19151 24299
40517 41640
42858 8217
18778 9755
32786 41592
16150 32201
29674 3495
34931 38125
7208 23854
26787 17457
40215 14194
34877 39706
20405 11688
25082 36555
8604 25630
39651 28789
14858 36094
3069 9423
5223 39901
26879 23635
23922 28300
39101 28956
246 22492
5247 8015
13557 11771
41926 16439
42194 32821
4812 33663
24543 19241
39581 36515
34954 10642
33670 5466
16524 31264
22585 3092
21693 20906
29286 33194
28204 30502
6901 5002
409 16428
26249 25472
28546 13489
19985 25768
4880 996
26635 25786
35504 45653
39636 8579
31308 21085
3656 11275
22681 27550
33183 45860
41323 34245
21307 35633
42053 26440
42929 39768
29449 33251
44298 36354
39243 7572
6597 24110
22230 45585
20039 16902
26266 15955
18880 18215
34781 39032
30927 25911
35711 17150
32878 1427
40503 2401
34686 31338
44944 31048
18840 9238
4082 30429
35792 36640
34775 37661
43472 7158
4847 32036
45916 10541
2060 27918
37410 27937
6482 3604
16458 24860
43873 2836
22628 12236
22848 6355
40154 33153
24443 40607
36406 10691
38930 42052
30306 22212
8500 29314
43937 25372
38439 36732
35491 4731
1796 32541
5569 36515
28303 7749
22123 40573
16369 43292
46031 37646
37066 29064
45920 6509
28779 45125
42076 1472
22622 4990
33690 6768
2171 20394
11275 31820
29232 45697
17779 36301
