242955499 138222849 1454720115 1207741003 463214440 294146708 109187403
1579396145 273078922 996364650 365061946 1713957436 1400177569 1534931044 329973350
2074190742 231506050 657792335 2128961348 1308552189 91513410 455086303 1150241752 1711444235 1403043542 1849760275
1926913610 1766601064 767374505 792189293 1938658966 161936605 298977222 785999385 1694691328 291123447 633600233 552675810 295450363 847590687 2113580948 1760819242 844885547 1091567423 968784541 230979828 2002723493
1210318562 103198119 405429688 349080150 861073916 294176062 1323948693 661175309 1912935805 1285629072 1090713470 1473276925 2035688844 136806620
2140068556 1676189062 829045331 2054089424 753118494 407044004 199782519
1958243540 1592445074 104805399 1953967118 357278054 766020552 1229632172 683140295 839787844 1552367292 946066841 1379132975 1226128989 1083825995 1410167138 1214217026
843942499 945770422 1799333003 593888608 476951138
721672789 2003567594 634499579 634860135 1021823240 1062538952 783288212
871112568 887467497 454820681 1109966638 1166157670 2131340574 476180144 1638242611 331846917 1241546129 1037094625 97188469 1133805857 1163544778 755954403 1916503002 1865153418 2146212897 2011090654 1146643774 877603152
91706356 354616877 458276983 835046802 1313515684 1129736261 1481776916 590819695
742953065 1149301071 1340208018 1697618270 1850012473 870461655
1111755 758581522 231222583 152535886 1098228814
18318464 1354127160 1205713835 243146208 1362199616 1024651344 451549427 287289252 881832958 196036669 757845348 1740951250 110082897 827792542 828487328 1100266679 1392403831 479206527 1035808269
1895106243 964642829 201855644 694677641 283369510 544370874 1467616746 159772268 1031071042 888123502 1359492252 1951632101 344540270 592475981 1033957558 600601102 147951916 1924290487 1673198088 2040404953
193610582 1198468482 1939673874 591632920 548808037
643767292 1437385192 549924255
1687276330 235081087 401051900
2121874444 1512429626 1267417396 963058230 896843036 1599305434 2097673661 772213945
1901766029 1445611752 78047266 1838126766 2079649046 921238102 873748090 1724077975 876631326 898143687
1717777472 1177270876 448163124 1419464122 788692339 192614404 676094323 1386675264 924191008 758735288 1301846112 1505018002 1968039489 2116064781 1685750978 1437889114 1643395899 1304973844
1751132141 257876103 1042763212 486369138 26071610 1249599742
618632540 1896044158 357906993 2096039059 1148675680 158994944 542169933 770016987 1839105306 2030913134 1080903358 1708771811 935996863 1716165516 832563084
559247824 466725480 162995720 366120331 590416846 1224617213 227306806 1502057937 293808841 407455951 682533065 2010476163 1375055505 653523569 929634843 1823117158 53176732 244651753
952795159 1013358687 1347265359 672211636 114874841 1176820954 452305503 333394103 2002768130 1729439149
921696131
2090086507 2076776007 869335656 6740708 621701252 1273576002 192988819 209789202 559671449 2018453666 828076101 677331426 1751801870 328189717 1826225641 112180753 891414436 601011506 1738986210 873809121 757273268 1802756028 2141428944 1854290787 708700272 680279006 1699651785 165538734 1574356262 35564143 1544319137 657218598
2033784683 1751359031 511392346 1113306522 349913495 1035858841 1934067323 564471021 2079714141 1808356097 1321555593 201893181 233744976 158192737 2062281785
603885197 977256171 688579074 463072860 448201384 1121702986 1778240898 721020844 927828915 2023049607 906407673 840161012 1791990730 664998345 966572809 1928899047 1422241125 1690702112
604880358 1953871318 2034704060 2019189237 1116375956 1660501617 1546943592 1920337962 2048058694 721755927 1387368546 58796970
253996667 47701657 398822528 511304927 79558878 2003828884 2086547368 1475104774 1032934192 1828382785
390362367 1334064075 1711588810 417701763 1312183334 9325120 1843598251 35635972 1526436638 1756171264 841239860 383274528 1386742645 294056893 1981916476 1616346230 1909875930 891780121 1801501915 355292858 1683441504 1368419302
1846948970 852515730 817979929 1863310343 23682328 1582646134 1202380539 1041648014 1258209979 1601972039 1594283305 1221188844 1627190031 282889928 179810021 139248241 561076269
977395090
716582907 1359587781 1532982218 1188242227 2039630898 1553090146 2075094631 1332033323 759152069 1777235115 1061307762 1741743102 1010295471 1725926557 1003686336 1470529618
1004138103 1923331378 793341902 1527752162 1920645093 1395434807 1552241913 936847457 1266422061 1088047114 1646351602 679734912 138153345 2016966410
61398431 1384257130 1026103640 2084369230 534966463 403033764 1595956330 1116945820 297279930 1714932010 1698279417
259674256 1004628600 1231723016 211996986 1768653033 1800648220 1402472919 142087743 50663957 2127568515 696288139 965514328 501778154 1388820916 2003334630 1639661089 1271099298 2112024302 238063914
1664844778 127108031 1373551759 136334611 1553953618
279043041 930375809 291047410 1442962269 431175246 160355555 1527301295
66421955 114358190 1159681711 1768724979 284449339 1738712488 1710305393 1739416006 373981382 433963530 1929204719 530394712 756286044 1472468685 313610325
2079879854 1805833829 1792422609 602846332 418019949 2011019371 456745090 543421606 516276062 518049168 301360036 875910477 1930946926 2070631092 132385167
769026434 93283779 2089288585
380852528 1641443546 1690884545 889008108 1105748616 1430112509 876909415 1884650138 1661358357 815786068 1930177802 1684549895 315300499 853927735 612639493 1074654613 810281742 1671256482 1226570535 482647659 510844197 1287348594 101138671 459897773
197007735 1957391723 268659089 1296061505 2013972569 1488784046 1771932279
1805745947 1412103018 1171127775 1176418530 1471190531 2058813408 1958288363 1251519554 267726576 1425687053
275853047 1170412727 1069995637 1779540013 2078682359 1913509465 115263654 195666419 1923799430 693020529
780631403 754228256 191615933 362749707 801812009 1733338561 383824038 350276003 1912097154 117614664 867911915 694623185 271527562 1224795738 1126002506 407036557 440079671 1113549648
1163786475 309995764 970421058 966856498 481490392 887581973
674530368 1285044985 266037379 789444395 1919502501 1167159043 2005742401 1005610087 1596679489 1069788914 1582893999
