1.34
1
8.43
6.26
3.97
9.83
1.55
4.35
0.38
0.31
2.71
3.03
4.73
7.38
3
3.97
2.99
7.90
7.21
9.37
7.38
1.86
6.91
9.10
1.05
2.80
7.41
5.64
0.87
9.68
4.73
9.95
7.81
1.63
2.35
5.04
3.50
4.29
9.14
1.42
8.38
5.39
4
6.03
6.84
6.14
6.88
0.43
1.57
68.18
57.09
85
91.72
84.46
21.46
90.92
79.42
34.44
56.02
75.39
0.98
67.16
58.72
47.06
68.24
56.02
75.94
95.84
56.23
31.53
76.42
36.88
5.36
13.41
92.36
0.07
56.51
48.85
60.65
6.65
80.35
95.20
52.94
77.23
54.87
32.25
17.67
40.52
6.43
72.32
15.15
64.84
45.49
74.63
79.19
45.11
72.97
7.86
510
627.89
35.58
83.59
507.91
429.75
547.65
703.28
275.88
622.24
163.15
868.24
630.69
584.92
776.97
723.91
134.99
318.32
605.11
307.17
512.55
283
605.50
20.64
953.00
277.79
405.92
868.10
310
972.42
870.87
999.78
578.08
310.49
63.23
886.46
129.39
285.58
459.30
436.01
687.23
135.28
245.80
961.38
831.77
289.49
74.11
189
309.99
336.05
93.24
3098.58
9360.65
883.46
8668.93
9234.92
9395.85
2474.60
8309.22
3113.06
3692
4188.13
8307.32
3603.46
8966.86
5279.12
362.81
4644.89
8138.59
351.56
1163.14
4470
9222.56
110.40
6269
1402.32
5150.11
4570.36
5737.32
2215.05
2961.64
7050.48
9487.92
8318.00
8927.86
9281.30
99.44
1861.31
1387.10
7990
1738.84
6330.07
8638.05
6298.18
8425.50
7898.83
2835.77
4820.54
25920.19
68363.57
90590.46
50678
92210.25
46238.84
70621
59303.98
64358.29
21635.69
14943.76
12888.05
7199.93
28198.64
58162
60698.22
55153.80
17272.33
34780.91
44976.51
26616.92
32862
54215.35
26809.18
87824.39
41932.54
90617.71
3913.20
37799.05
54852.28
90048.81
37668.60
64307.09
50835.88
44656.95
12389.60
33935.97
93112.91
4771.24
60058.41
3902.61
12061
12603
98664.48
12421.05
96990
10448.00
80326.99
98904.26
284287.10
844710.35
852221.86
800043.71
733826.76
207157.78
979536.61
116988.69
469991
779974.80
439868.67
322021.42
581745.18
6081.80
415328.23
25345.08
764095.05
649502.40
229713.56
682072.61
217046.52
913945.37
895011.93
609390.79
37467.12
407816.75
800645
678969.89
847539.27
577617
235537.39
242308.53
799533.85
117174.17
84518.00
519273.68
377965
567234
353261.76
805037.42
281387.89
470884.11
684541.64
143877.79
174302.02
696491.86
444015.77
159905.78
796365
