8 27 36 58 72
14 21 40 54 74
12 19 38 56 65
4 28 41 51 70
2 29 42 55 67
3 24 36 52 72
10 20 41 58 73
12 27 34 54 67
8 28 44 57 61
14 16 31 46 62
4 24 42 55 68
12 23 38 54 62
7 16 37 53 66
1 25 35 50 74
9 27 31 51 69
11 16 39 47 68
8 17 32 53 74
9 25 31 46 62
4 20 34 48 61
3 19 44 57 73
12 19 37 46 74
5 28 44 56 70
2 27 40 52 64
10 23 36 47 72
13 26 33 59 67
9 29 41 55 62
6 18 43 57 71
2 19 39 59 69
8 25 36 47 66
13 23 37 53 61
13 18 44 47 73
4 16 41 51 62
10 17 37 50 68
1 22 36 57 70
9 21 42 53 63
2 17 41 53 73
3 24 31 56 62
13 19 38 57 64
11 22 36 59 70
8 23 44 47 61
6 21 37 58 68
1 27 42 55 65
13 17 39 47 66
10 16 38 50 71
4 29 31 57 63
6 25 43 47 66
5 29 40 48 74
13 18 39 52 65
1 24 32 51 67
7 19 33 49 73
3 18 40 53 73
5 25 32 56 62
13 20 41 57 64
12 23 37 59 69
9 26 45 47 61
2 19 41 52 73
6 23 33 56 61
1 21 39 55 63
13 29 38 58 69
10 26 45 47 60
2 16 41 50 72
3 17 31 56 61
1 18 40 55 75
5 25 38 53 69
4 26 45 47 66
3 18 41 53 73
5 25 32 56 62
13 20 39 57 64
12 23 37 58 69
9 26 45 47 61
PLAY
O74
G59
B4
I24
I28
B14
O70
I29
G51
N41
