20 46 62
44 2 22 55 48 56 46 96 79
55 9 86 9 14 11 4 0 58 5 41 13 72 39 55
22 78 43 77 53 87 20 0 32 48 81 3 65 37 4 33 84 82 48 84 15
98 39 19 90 46 69 21 13 19 6 9 55 38 34 27 88 65 23 53 0 59 23 91 27 86 57 69
53 25 11 38 40 60 14 10 60 96 42 18 95 68 25 49 70 42 3 39 92 60 11 36 90 34 29 87 63 76 19 41 75
77 15 17 4 20 92 7 0 68 9 9 70 87 80 50 95 56 78 73 41 65 0 39 88 72 46 69 21 58 64 24 60 59 91 84 50 45 61 88
33 42 57 48 76 9 66 65 54 69 76 62 6 39 86 76 61 95 90 31 41 81 42 16 22 33 99 63 7 19 9 66 11 43 71 77 58 6 53 30 80 66 20 69 76
15 57 88 61 86 54 68 38 48 14 7 80 60 64 27 3 75 32 85 10 73 6 99 47 77 16 88 99 9 22 18 78 8 73 66 60 9 97 12 29 56 48 46 90 57 25 78 25 25 85 44
42 61 90 63 44 2 70 61 1 60 55 57 29 75 25 8 58 59 80 80 45 60 64 77 29 26 79 82 86 64 10 33 87 36 68 95 13 15 60 11 49 1 58 83 73 27 11 8 28 86 94
74 39 69 94 31 35 37 21 75 34 81 69 90 78 88 51 25 21 41 79 15 51 42 84 15 62 34 1 71 21 49 75 65 43 79 86 50 66 12 27 23 8 31 52 76
18 74 24 61 45 58 85 36 19 85 68 85 63 80 72 77 76 36 16 94 4 13 87 88 52 81 54 28 57 62 25 22 99 75 98 61 77 62 23
36 17 80 7 9 64 74 69 49 27 23 20 79 35 27 63 18 75 26 57 53 88 28 77 98 93 53 77 47 41 68 85 97
26 69 40 84 63 88 34 77 14 54 32 43 36 10 84 11 42 5 37 63 39 14 48 86 48 54 78
78 4 65 3 0 28 86 95 25 78 25 36 55 95 53 95 34 22 94 72 65
66 21 5 84 67 83 34 87 72 40 92 59 58 92 13
29 65 97 57 57 78 5 39 24
67 48 97
