1454720115 463214440 242955499 109187403 138222849 294146708 1207741003
1713957436 1534931044 996364650 329973350 273078922 365061946 1400177569 1579396145
2128961348 1849760275 1403043542 1150241752 455086303 91513410 231506050 657792335 1308552189 1711444235 2074190742
2113580948 1938658966 1766601064 1694691328 968784541 844885547 785999385 633600233 298977222 291123447 161936605 230979828 295450363 552675810 767374505 792189293 847590687 1091567423 1760819242 1926913610 2002723493
2035688844 1473276925 1285629072 1090713470 661175309 349080150 136806620 103198119 294176062 405429688 861073916 1210318562 1323948693 1912935805
2140068556 1676189062 753118494 199782519 407044004 829045331 2054089424
1958243540 1592445074 1410167138 1229632172 1214217026 946066841 766020552 357278054 104805399 683140295 839787844 1083825995 1226128989 1379132975 1552367292 1953967118
1799333003 843942499 476951138 593888608 945770422
2003567594 1021823240 721672789 634499579 634860135 783288212 1062538952
2146212897 2011090654 1865153418 1241546129 1163544778 1133805857 1037094625 877603152 755954403 454820681 97188469 331846917 476180144 871112568 887467497 1109966638 1146643774 1166157670 1638242611 1916503002 2131340574
1481776916 1129736261 590819695 354616877 91706356 458276983 835046802 1313515684
1850012473 1340208018 870461655 742953065 1149301071 1697618270
1098228814 231222583 1111755 152535886 758581522
1740951250 1362199616 1205713835 1035808269 881832958 827792542 479206527 287289252 196036669 18318464 110082897 243146208 451549427 757845348 828487328 1024651344 1100266679 1354127160 1392403831
2040404953 1924290487 1673198088 1359492252 1031071042 888123502 600601102 544370874 283369510 159772268 147951916 201855644 344540270 592475981 694677641 964642829 1033957558 1467616746 1895106243 1951632101
1939673874 591632920 193610582 548808037 1198468482
1437385192 549924255 643767292
1687276330 235081087 401051900
2121874444 1599305434 1267417396 896843036 772213945 963058230 1512429626 2097673661
2079649046 1838126766 1445611752 898143687 873748090 78047266 876631326 921238102 1724077975 1901766029
2116064781 1717777472 1643395899 1437889114 1386675264 1301846112 924191008 758735288 448163124 192614404 676094323 788692339 1177270876 1304973844 1419464122 1505018002 1685750978 1968039489
1751132141 1042763212 257876103 26071610 486369138 1249599742
2096039059 1896044158 1716165516 1148675680 935996863 770016987 542169933 158994944 357906993 618632540 832563084 1080903358 1708771811 1839105306 2030913134
2010476163 1502057937 1224617213 682533065 590416846 466725480 366120331 244651753 162995720 53176732 227306806 293808841 407455951 559247824 653523569 929634843 1375055505 1823117158
2002768130 1347265359 1013358687 672211636 333394103 114874841 452305503 952795159 1176820954 1729439149
921696131
2141428944 2076776007 1854290787 1802756028 1738986210 1574356262 1273576002 873809121 828076101 708700272 677331426 621701252 559671449 209789202 165538734 35564143 6740708 112180753 192988819 328189717 601011506 657218598 680279006 757273268 869335656 891414436 1544319137 1699651785 1751801870 1826225641 2018453666 2090086507
2079714141 2033784683 1808356097 1321555593 1035858841 511392346 233744976 158192737 201893181 349913495 564471021 1113306522 1751359031 1934067323 2062281785
2023049607 1791990730 1690702112 1121702986 966572809 906407673 721020844 664998345 463072860 448201384 603885197 688579074 840161012 927828915 977256171 1422241125 1778240898 1928899047
2048058694 2019189237 1920337962 1546943592 1116375956 604880358 58796970 721755927 1387368546 1660501617 1953871318 2034704060
2086547368 1828382785 1032934192 398822528 79558878 47701657 253996667 511304927 1475104774 2003828884
1981916476 1843598251 1756171264 1683441504 1526436638 1368419302 1312183334 841239860 390362367 355292858 35635972 9325120 294056893 383274528 417701763 891780121 1334064075 1386742645 1616346230 1711588810 1801501915 1909875930
1863310343 1627190031 1594283305 1258209979 1202380539 852515730 561076269 179810021 23682328 139248241 282889928 817979929 1041648014 1221188844 1582646134 1601972039 1846948970
977395090
2075094631 1777235115 1725926557 1532982218 1359587781 1188242227 1010295471 759152069 716582907 1003686336 1061307762 1332033323 1470529618 1553090146 1741743102 2039630898
2016966410 1920645093 1552241913 1395434807 1088047114 936847457 679734912 138153345 793341902 1004138103 1266422061 1527752162 1646351602 1923331378
2084369230 1698279417 1384257130 1026103640 403033764 61398431 297279930 534966463 1116945820 1595956330 1714932010
2127568515 2003334630 1768653033 1402472919 1271099298 1004628600 696288139 259674256 211996986 50663957 142087743 238063914 501778154 965514328 1231723016 1388820916 1639661089 1800648220 2112024302
1664844778 1373551759 127108031 136334611 1553953618
1527301295 930375809 291047410 160355555 279043041 431175246 1442962269
1929204719 1739416006 1710305393 1159681711 530394712 373981382 284449339 66421955 114358190 313610325 433963530 756286044 1472468685 1738712488 1768724979
2079879854 2011019371 1805833829 875910477 543421606 516276062 418019949 132385167 301360036 456745090 518049168 602846332 1792422609 1930946926 2070631092
2089288585 93283779 769026434
1930177802 1690884545 1671256482 1641443546 1287348594 1105748616 889008108 853927735 810281742 510844197 459897773 315300499 101138671 380852528 482647659 612639493 815786068 876909415 1074654613 1226570535 1430112509 1661358357 1684549895 1884650138
2013972569 1771932279 1296061505 197007735 268659089 1488784046 1957391723
2058813408 1805745947 1425687053 1251519554 1171127775 267726576 1176418530 1412103018 1471190531 1958288363
2078682359 1913509465 1170412727 693020529 195666419 115263654 275853047 1069995637 1779540013 1923799430
1912097154 1224795738 1113549648 801812009 754228256 440079671 383824038 350276003 191615933 117614664 271527562 362749707 407036557 694623185 780631403 867911915 1126002506 1733338561
1163786475 966856498 481490392 309995764 887581973 970421058
2005742401 1596679489 1285044985 1069788914 789444395 266037379 674530368 1005610087 1167159043 1582893999 1919502501
