64228110556826486916772690437837114
152878562244686952427058243088055042
29409938194467849621298978414319238
1214362265207887241939513420381135
27438304500725906437819553682246062
102045568025106207509700711731437412
1373544824809504948796250201898430
59816002487770858740542768682800038
87190874588167928206596994535825878
10623785256321265784871214655390786
4175325143640995550188650368855471
983696621343953606025759365158514
89500214615152425422092234149363830
71406445553898097964069387086969257
8754286544069412945652582428041681
84227302879213669207265949909334973
8900663803556148942402669235027357
18769667910137135011619940005007747
102761829004934263734835030146858
34538812059520442054028226582149
529413892032806597068148202045932
151222006708621093368904465393774932
48052820014934196721945215967
169737277409319800195815073749629204
9308680935736010759642219388221046
