100000110000111101
010101011110
00111001110111100111000100101011101011010110001000111101010100000
1010101111110001100101110101010111100111011010100100
00101110110100011110001010011011100011111010001000011000011110110000010
10110100110011
00111011101111010100001011011011111100000001
111010100111100111010001110110100001111
10110000111111010001011000110010111100010110101101101111000001110111010111110
0100101010001111001101001001111111001011001001111110110001100101101100001111000000000
11001010101011000011011101000001001101001110100
000000001011100010011001011011111010100010010110011010010001011101101000010101011010110100000111
0111001010000101011101111110010000001111110100011011000010010100011000
00111001101000001111010011000011100010001001110010010011010111100010011111011011110
10100001011001000100110101001000001110001
000110000101111100010100101001010100010100101010100010011011101111011010110011110100100111000001111110100
1110111000110111010
01101000010011101010
1100000000101100011001111110000110110010011110011000010111110100011000000111110101111
11100111000111000101
0000000111101100101110011011100101010010000101011110010101011100011000101001000100
0010000101001101101010001001
10011111101011011011110010100111100000110
0011001100100101011111011011000011100001011010101100000110110010011110110110110011001110010011110
001011011101010000110000000110011110000001000001000000011110110010010111000101011001010111000
00000000110101011
000001110000011111011100001101011100101111001000010
001100111010011100010011000111001010110011111111100111
0111010000101101001110000101011011100101100010111001100001001000010111101110011001011011111011000000
001100100
11010001011011011000000101000000101101101
1111000011011101011111111011101011001101010000110
000
0101101101000000010000000101010001101001
1011000110111000001111110001010111110110101100001011011000111000101
01111000011110
111110001000100000101101010111100011101001000100001110001000011111000100011000111001110010110010
110110101111001010001101011010111110101000000010000110001110000111110110010011110
111101001011011010101100011101010011110111010000011101111100001001001110001111101
10011101100100101111000111100
011110110001101110
0000000
10011101011111011000011011011011001000111000000111011011100100000
111101101111001000110101100110110111000101101001010010011100101101001001000
01010111001011010110101101100011110001110111000000000110010100110111010110001001001111101010110
1111000101001110011100000011000110110010001100001110100000011010001110110100000101
0111011010100111010110110111100011000010111000000011
0001010011001110110111100010000001111010100001011001
0011101101111010101001111111001101
0010100100101011010100001101000100011101000010010001110100111010011110000011101110011010101010110101101
11100111000010110111001011110110101001110111010000010110010011100111001001000011100110
1111111
1101101110111100011110
01001001101011110100110
010001011010000000000001101110000111101101011000100001111000000000
1001010110110100000010001100100001010110100001110010001000110111000110110001010010
011011101110001001010110011000000110001001111011011000000001
000101111110111101100010001110011111011010110011001001010011100011111010001111001110111
100010011011011111011101110000011010100110101011110100110010
1100111111001110111110001110110110111111101010001000110100010001011110001001000011000111001001001100
010110110110001011011101000011011001011001000001001
010001111001011101101110100110010000100011101111011010111011100101001011100100010101
0001100011111111100101110100111011
0101101011001100001110101010001111111101100110101000001110100000001111010100010000010001001111001010011111
1000111010100011100100000111111110110011001100100001100110110101111000001111
001100111010100101100100101101011111111
1110110100000101011110001001000001110000100010000010100100011000011100110111011101100110110111010001
001010111011111100000111100111101011100111011001011011100100010000111111001010011011000111000001011101
01100110101110110000010100001111010001011111000111001
1111111010011110101011101010010100100
110001100101100101011011110000010010101001001
100110000110111100100100101110000111101001000101001100111100101000000000100110111011
1011001101111100100001
101111101100000111110001010011110010011011001010110010110101100100111101100110111
111101000011101010110000001010110111100000101100
10100000000011110000011111110011101110101011111001110111101001110000110001111000011111
110001000010011011001111
00010100111001001111110011000000000
0011010010100100100110111110000010101010001011101111101001110100011110101011011
111110011011110001000011110011100101
011010101111101010010110011001110100011100001110100111001100110
11000011001011101101101001111010100001111101000110100011110010100101001111010001101000101
1101100111010101101010010001011001100101001101100000
0100111000101100100101010001110111100000100011111001011011110100100000011000101111011110
000010111010101101101101011110
110010110011111100011011110001011
1011101010001111000011111101101100110111101100010011011101011111111011111000011100
0010010111000100101110010110110000110001110100010011010001101101000111001111111010010101101100
10101100101110010001011101110101100000101111010110000100110010000101110111101111
011110111010100010110011010101001011111110001101001111000001010111011110010011001111011000101101
1000110001000110111011010110110
01000110000001001011110100
11101101011001001010001101000010101101010100111010100110001011110010101110100000010111100000100001
110010010100110000011101111000000000111011111110010101000101001100101100001111101110010110101011111
101101001111011010001100101110001100111111001000100011001010011100010
0110111001010111010
01000111011001111001010011000011110100010010100001001001101
1100110001110001010000001010111101101101111111111010011111010111000111001011111011
110110110000111011010100
00000100101110100010010010010100110110111101101101100010010100100011111100
010110101100011101011000100010111100001011100111111010111111110000100110110010001101010011000
1000001101010110001000001111000100000000111111010100000011001011111000000100010100011011011000001
1101111000001111101011101100001010111101100010110111010
011101111010111100001101100110101011100011000010111100111111100100110001111101011111101111100
