000000000000000000000000000000
000000000000000000000000000000
000000000000000000000000000000
000000000000000000000000000000
000000000000000000000000000000
000010000000000000000000100000
000010000000000000000000100000
000010000000000000000000100000
000010000000000000000000100000
000010000000000000000000100000
000010000000000000000000100000
000010000000000000000000100000
000011111111111111111111100000
000010000000000000000000100000
000010000000000000000000100000
000010000000000000000000100000
000010000000000000000000100000
000010000000000000000000100000
000010000000000000000000100000
000010000000000000000000100000
000000000000000000000000000000
000000000000000000000000000000
000000000000000000000000000000
000000000000000000000000000000
000000000000000000000000000000
