111111111100000000001111111111
111111111100000000001111111111
111111111100000000001111111111
111111111100000000001111111111
111111111100000000001111111111
111111111100000000001111111111
111111111100000000001111111111
111111111100000000001111111111
111111111100000000001111111111
111111111100000000001111111111
111111111111111111111111111111
111111111111111111111111111111
111111111111111111111111111111
111111111111111111111111111111
111111111111111111111111111111
111111111100000000001111111111
111111111100000000001111111111
111111111100000000001111111111
111111111100000000001111111111
111111111100000000001111111111
111111111100000000001111111111
111111111100000000001111111111
111111111100000000001111111111
111111111100000000001111111111
111111111100000000001111111111
